6
33 536875053
117424073 70690438 74021657 79735160 25553090 134322146 56100436 104608407 97742099 45902266 169501891 54621591 72257699 112733774 124856530 122853686 179019648 112466731 84571915 93111887 47307717 98636959 90428293 34025869 130460317 117665966 148090715 43190249 101921698 123541212 864146 159851303 136305691
-1 -1 -1 -1 -1 -1 -1 82412279 -1 -1 -1 -1 -1 -1 60578659 -1 -1 -1 100863274 92323302 138127472 86798230 95006896 -1 -1 67769223 -1 142244940 -1 61893977 184571043 25583886 49129498
107 354677279
46715289 199835518 98206327 35151436 128915858 115383994 229092002 111103226 82198921 250393123 131248432 6263634 179524309 176690328 53060815 234123271 5651940 196960858 216593484 69495301 63074463 247083652 34354031 114237841 134552769 2088588 169781371 52746480 65148753 208874396 33842293 172482029 129579323 139801980 128199195 109311594 239075023 98670479 257725926 73510766 227181109 268445754 82288770 237381784 186929186 53987410 102387979 143320083 73352319 154207653 125146277 266824233 117676026 64184452 24277726 183756119 114153322 118556190 257811665 42861344 244134044 156087465 13491931 41242201 170251776 186199135 99721675 250576811 248075284 134921991 43003900 50943017 229089078 129496163 125637985 14353343 221152254 230266932 117027819 92751815 163670752 46018164 137749831 75942531 52299904 238312372 165922141 164700521 14391506 168993606 170005119 167067343 213429497 235087091 176470016 210714585 90254890 79894283 82651858 87176640 22802181 146663470 177273619 233845333 191628974 38468520 100818775
222952368 69832139 171461330 234516221 -1 154283663 -1 158564431 187468736 -1 138419225 -1 90143348 -1 216606842 -1 264015717 -1 53074173 200172356 206593194 22584005 235313626 -1 -1 267579069 -1 216921177 -1 60793261 -1 97185628 140088334 129865677 141468462 160356063 30592634 170997178 11941731 196156891 -1 -1 187378887 -1 -1 -1 -1 126347574 196315338 115460004 144521380 2843424 151991631 205483205 245389931 85911538 -1 -1 11855992 226806313 25533613 113580192 256175726 228425456 99415881 -1 169945982 19090846 -1 134745666 226663757 218724640 -1 -1 -1 255314314 48515403 39400725 152639838 176915842 105996905 223649493 -1 193725126 -1 -1 -1 104967136 -1 100674051 99662538 102600314 -1 34580566 93197641 58953072 -1 189773374 187015799 182491017 246865476 123004187 92394038 -1 -1 231199137 -1
46 678516550
81967844 177359771 104130424 286997321 219675831 153917807 6826571 225724708 103308012 256167316 146659806 288483276 91227855 70893423 77795977 324061791 230953311 41620306 337604204 251616538 224652852 16446546 140542442 406210449 7089409 144695439 58026009 255779771 188787663 421678462 63893597 139011746 349266094 11996632 397957149 30740829 284869865 171662923 128239303 85978955 279249852 63480724 450776804 136062881 369184333 376987618
371182722 275790795 -1 -1 -1 299232759 446323995 227425858 349842554 196983250 306490760 -1 361922711 382257143 -1 129088775 222197255 411530260 115546362 201534028 228497714 436704020 -1 -1 446061157 308455127 -1 197370795 -1 31472104 389256969 314138820 103884472 -1 55193417 422409737 -1 281487643 324911263 -1 173900714 389669842 2373762 317087685 -1 -1
29 479022635
82785332 33845691 21947503 32951464 79067188 6048605 74710735 58696672 29032525 50269762 51870679 27855250 61893114 41646929 8803800 9110620 33159088 67769087 63718203 7266891 43547921 36927933 14684806 40017671 49924101 3455514 28453816 10594304 11284580
-1 -1 62771634 51767673 -1 78670532 10008402 -1 -1 34449375 32848458 56863887 -1 -1 -1 -1 -1 -1 21000934 77452246 -1 47791204 -1 -1 -1 -1 -1 -1 -1
6 327561753
26656430 19940836 26739456 15655696 2294834 8112781
-1 8291402 -1 -1 -1 -1
43 290062912
2587892 3471548 4768803 5631429 2640686 418139 1062461 6118046 4400563 4982167 269688 4907862 4826441 528705 899723 4514302 603337 1714280 4767465 4192506 436234 1420481 1082874 2505715 91718 1914550 5805935 296153 4677057 5079243 1173881 581784 1132544 5442283 4103371 134225 5023871 5288166 3054190 4916301 6069903 1395470 446165
3614809 -1 1433898 -1 3562015 5784562 -1 84655 -1 1220534 5933013 -1 1376260 -1 5302978 1688399 -1 4488421 1435236 2010195 5766467 4782220 -1 -1 -1 -1 396766 5906548 1525644 1123458 -1 5620917 -1 760418 -1 6068476 1178830 914535 3148511 1286400 -1 -1 5756536
