5
38 636884945
145538518 40641634 181790243 124458275 201352775 79107203 231751175 178516425 87724340 201588745 141638712 201293217 176591542 214772078 226042102 125978459 208629318 64405508 197325878 59179325 98213897 25525921 28655244 12992604 129552555 145557662 127636226 43890913 191696342 219509139 232034624 51607225 169987798 115719373 21744969 187487335 185466392 133077216
87848537 -1 51596812 -1 -1 154279852 -1 -1 -1 31798310 -1 -1 56795513 -1 -1 -1 -1 -1 36061177 -1 -1 -1 -1 -1 -1 -1 -1 -1 -1 13877916 -1 181779830 -1 -1 211642086 -1 -1 100309839
64 115149905
102498963 15230593 22642754 6324575 29142898 98297671 39074638 83387458 45326280 53638827 91573916 96632131 92368894 23100524 19686260 43594763 30487470 86398960 42704243 91592986 71008106 28496519 48768903 67127708 73098270 67308786 99396666 43029056 88761545 91318907 46840161 376646 26107619 66293660 12025587 91365900 56545816 83524013 77258831 61529029 18880964 98583666 95887842 47124547 25724558 96177854 98324075 40524175 23541080 68294508 46562915 49543123 41727922 10372016 76732473 47635692 62681473 542711 62782207 74928156 60748719 32097549 87899435 27963718
-1 -1 -1 100891513 -1 -1 -1 -1 -1 -1 15642172 -1 -1 -1 -1 -1 -1 -1 -1 -1 -1 -1 -1 -1 -1 -1 -1 -1 -1 -1 -1 -1 -1 -1 -1 15850188 -1 -1 29957257 -1 -1 -1 11328246 -1 81491530 -1 8892013 66691913 -1 38921580 60653173 -1 -1 -1 30483615 -1 44534615 106673377 -1 32287932 -1 -1 -1 -1
86 886186082
774609178 473692439 377443134 488051726 409069733 203796370 47030171 619876436 671041825 690263837 749961432 640720729 75693638 494491774 315273789 87857219 149994858 37280347 352588402 128682152 574196099 385153134 42818169 79294686 745533649 573569631 223920446 480502017 51864495 315241826 35381959 399120512 656841837 317990904 461016422 643391595 468873271 77247002 440419090 497358394 532636805 667427442 178738150 365627683 325518914 594821628 275179263 135262567 319885817 659713515 321292055 558023399 203684715 137411795 734552974 485202658 373956877 593913288 35593003 194483320 674829609 642678704 678853586 756569440 16312538 448019120 412904690 222495994 385255205 18522784 575029743 147356206 450736183 114806493 566658915 185907567 727208054 761347410 57479383 698918221 594088494 232473678 395615015 177476881 662382859 78852028
26028967 326945706 423195011 312586419 391568412 596841775 753607974 180761709 129596320 110374308 50676713 159917416 724944507 306146371 485364356 712780926 650643287 763357798 448049743 671955993 226442046 415485011 757819976 721343459 55104496 227068514 576717699 320136128 748773650 485396319 765256186 401517633 143796308 482647241 339621723 157246550 331764874 723391143 360219055 -1 268001340 133210703 621899995 435010462 475119231 -1 525458882 665375578 480752328 140924630 479346090 242614746 596953430 663226350 66085171 315435487 426681268 206724857 765045142 606154825 125808536 157959441 121784559 44068705 784325607 352619025 -1 578142151 415382940 782115361 225608402 653281939 349901962 685831652 233979230 614730578 73430091 39290735 743158762 101719924 206549651 568164467 405023130 -1 138255286 721786117
54 389029628
20958644 21742458 29576214 6156282 4632821 31099637 6181048 18795106 23022521 29432263 10388258 40907500 28656789 8898362 40018284 15716397 11490681 31544957 32892175 6709104 34678539 39452642 4952906 35019997 37678211 18507222 20592666 17526478 10960113 36399365 32765438 41263416 10275916 33096591 10582520 17212170 23880400 23402207 4890935 37554683 31767861 30994089 6754152 6642282 3417775 5033906 11967447 14464481 35751181 34455081 29059404 8119888 11137214 42323903
21937112 21153298 -1 36739474 -1 -1 36714708 24100650 -1 13463493 -1 -1 -1 33997394 2877472 27179359 -1 -1 -1 -1 -1 -1 37942850 -1 -1 -1 22303090 -1 31935643 6496391 -1 1632340 32619840 -1 32313236 25683586 19015356 -1 -1 -1 11127895 -1 36141604 36253474 39477981 37861850 30928309 28431275 -1 -1 -1 -1 31758542 -1
4 164849050
21809971 46917971 83980091 95182001
88484222 63376222 26314102 -1
