7
6 951161729
303835495 294255258 305155381 724733372 130363086 652534060
516734414 -1 515414528 95836537 690206823 660801857
3 161251508
16320349 10322931 6656031
438170 -1 -1
7 337486040
34962028 168708869 166232807 6263168 94198803 168098988 97907337
142083788 -1 -1 170782648 -1 -1 -1
4 234072988
104380086 66971486 52958632 102981512
-1 -1 -1 -1
32 492632387
102051960 144014612 144371988 118119532 56580291 3857950 127529311 41066758 103599226 125461199 155441808 52834255 56182755 143098385 58454090 48119231 147208087 47580967 63654709 89587960 416148 27360987 72331859 149614646 131131192 24364608 140440284 142488637 1526625 57238209 39566147 124572458
55213404 13250752 12893376 -1 -1 -1 29736053 -1 53666138 31804165 -1 104431109 -1 14166979 98811274 -1 10057277 -1 93610655 -1 -1 129904377 84933505 7650718 -1 -1 16825080 14776727 155738739 100027155 117699217 32692906
2 750610224
87431237 35394886
3560141 -1
27 548593235
50294869 87986935 63397868 92588198 72541918 53474827 102679770 85175876 106100802 43203430 6606283 1378983 12585721 54014013 48663482 88942927 10492373 84180069 58317202 89438775 80568992 110059513 87336905 23080394 78013482 36310098 56523990
-1 -1 -1 -1 -1 -1 14619145 -1 -1 74095485 -1 -1 -1 -1 -1 -1 -1 -1 -1 -1 -1 -1 -1 -1 -1 -1 -1
