4
69 779499566
537043674 675482215 435787076 687222774 418427189 515333716 285687816 268108843 68313397 167606212 382585650 249052794 529445919 585469981 118119126 329262475 623744227 414305075 518288472 276578989 70321492 69348596 262513629 386608125 290579894 493673415 312595025 666479212 570632654 183930840 30644677 330068567 148910144 194276329 200993181 567185282 542864249 688723682 539905951 319453481 223187497 29030163 701482834 150890670 566029772 705677062 226242155 199739913 495372052 368888524 608229369 32966200 108456299 440289436 743635371 654818349 469877827 438339459 398161810 219137598 496537409 503959835 544682590 113095804 712175357 401052976 3444154 740335756 397009763
216894937 -1 318151535 -1 335511422 238604895 468250795 -1 685625214 586332399 371352961 504885817 224492692 -1 635819485 -1 -1 339633536 -1 477359622 683617119 -1 491424982 367330486 -1 -1 441343586 -1 183305957 570007771 -1 423870044 605028467 559662282 -1 186753329 211074362 -1 214032660 434485130 530751114 724908448 -1 603047941 187908839 48261549 527696456 -1 258566559 385050087 -1 720972411 -1 313649175 10303240 -1 284060784 315599152 355776801 534801013 257401202 -1 209256021 640842807 41763254 352885635 -1 13602855 356928848
68 941958095
147128287 140716152 81475137 126638689 131377728 66222610 46868941 8906695 12236856 24614960 14006010 53235028 58057346 50509566 87911260 57668118 14119864 19874023 42245286 152742911 143031422 160946343 79935790 94884424 107579980 106305781 1726682 166569266 142216508 17791052 162996083 104575979 8463084 65104189 75933130 36298569 141935678 23667769 104621047 164012775 145046937 47893422 83927403 4364137 34579852 92342316 108814941 82414103 161658163 4539466 132998965 2043875 97025195 149901139 112820782 29981787 67154343 153632638 52150316 147275044 47576281 118927828 140970817 125850104 92461682 136447499 73697238 142601834
-1 -1 95865152 50701600 45962561 -1 -1 -1 -1 152725329 -1 -1 -1 -1 -1 119672171 -1 157466266 -1 -1 -1 -1 -1 82455865 -1 71034508 -1 -1 35123781 -1 -1 -1 -1 112236100 -1 141041720 35404611 -1 -1 -1 -1 129446867 -1 172976152 -1 -1 -1 -1 15682126 172800823 -1 175296414 80315094 -1 -1 147358502 -1 -1 125189973 -1 129764008 -1 36369472 51490185 84878607 -1 -1 34738455
18 943820294
71833883 97995434 2618469 122446777 29555838 97033156 54681098 153744749 71981700 66285992 153907090 55311991 46233137 40544850 7269117 38149360 146140413 153936722
123653549 -1 -1 -1 -1 -1 -1 -1 123505732 -1 -1 -1 -1 -1 -1 -1 -1 -1
53 205505383
13686211 14326598 9393984 11932071 3433076 17651436 5374073 2842036 1610313 7530098 7389374 1191949 5322584 19072374 19916919 9284293 9280110 18487821 3210374 6436229 18887430 10650660 18208377 3367603 14552713 14625279 4521697 5513240 16619608 1072959 15841576 8911334 1474119 17346365 7978612 4946541 15093911 5580578 9511421 8832909 14709501 17047226 5646960 15598412 16683216 726044 10381385 373039 12160337 19031551 4880821 19002198 173167
-1 -1 -1 -1 -1 -1 14666242 -1 -1 -1 -1 -1 14717731 -1 -1 -1 10760205 -1 -1 -1 -1 -1 -1 -1 -1 -1 -1 14527075 -1 -1 -1 11128981 -1 -1 12061703 -1 -1 -1 10528894 -1 5330814 2993089 -1 -1 -1 -1 -1 -1 -1 -1 15159494 -1 -1
