10
71 879577972
282948016 108225867 122129563 515715318 522897708 152582349 275633373 402312538 562167160 249896802 632061513 514902037 431858923 283132934 151817784 362800266 672227680 687871694 247380495 492159861 452997900 610778458 578917724 232070590 166352355 9810304 296756652 355313915 78587574 111266205 1798942 146552506 56428817 583934440 351881017 186931722 219127298 182297988 307671454 345733480 320809967 447223757 559172723 411760924 85229792 513497308 334771429 539802252 588667572 567866810 314011582 412118225 494499423 442449126 152135250 175769504 330172285 518687260 328169897 6432746 22647240 204499458 556295053 58590608 426201007 410595736 228209131 127277010 255127710 553883062 593626018
406543658 581265807 567362111 173776356 166593966 -1 413858301 -1 -1 -1 57430161 174589637 -1 406358740 537673890 -1 17263994 -1 442111179 197331813 236493774 78713216 110573950 457421084 523139319 679681370 392735022 334177759 610904100 578225469 687692732 542939168 633062857 105557234 337610657 -1 470364376 507193686 -1 -1 368681707 -1 -1 277730750 -1 175994366 -1 149689422 100824102 121624864 -1 277373449 194992251 -1 537356424 513722170 -1 170804414 361321777 -1 666844434 484992216 133196621 -1 263290667 278895938 -1 562214664 434363964 135608612 -1
61 384402836
16538525 39865579 16116388 69674547 122798067 4997699 80905028 25749366 59745785 4886102 110989670 69541295 92380457 82598779 118643235 76431008 96914552 61005387 109170807 54624841 35242627 57997654 83666518 26867862 81970215 28252677 116871374 9012216 47666393 88999221 97468750 79045944 66080580 87102270 99919420 33559150 58483458 121476055 99791166 86532397 87375042 3375221 98624867 103969963 70953687 69495461 15955425 44723605 116287986 3808309 64695370 112204307 74521698 68658902 36796056 70752566 13818272 117097789 57703666 27103692 23618246
-1 -1 -1 -1 -1 -1 -1 -1 -1 -1 -1 -1 -1 -1 -1 -1 -1 62001718 -1 -1 -1 -1 -1 -1 -1 -1 -1 -1 -1 -1 -1 -1 -1 -1 -1 -1 -1 -1 -1 -1 -1 -1 -1 -1 -1 -1 -1 -1 -1 -1 -1 -1 -1 -1 -1 -1 -1 -1 -1 -1 -1
5 81590033
8431116 41776858 32348264 29906099 28234731
38462477 -1 -1 16987494 -1
81 746015684
23149210 82134772 53590767 103890394 39733048 29215891 51702474 132536961 82030117 91100268 50262460 6062532 21049138 4066573 47508558 19746941 19200885 90437901 79868133 5038746 4758791 125106276 123548364 3980696 13339168 56252422 89308303 27993551 96969304 195848 42309686 95903469 103925539 134094200 35298586 121433576 97784749 4172982 19907591 407669 41314237 47565237 99060354 55805537 39774715 10419006 105266541 31998243 112871769 88495526 94022690 31218249 122173877 73971178 124122295 2021058 111412277 130530995 120224998 4988751 97493870 115748817 51643523 42469011 86826162 131389068 48532925 99173722 5043854 80657158 133740087 23942761 67786287 82022119 40927399 76324591 100284262 63851617 55892717 86231797 70812414
117586189 -1 87144632 36845005 101002351 111519508 89032925 -1 -1 49635131 90472939 -1 119686261 136668826 93226841 120988458 121534514 50297498 60867266 135696653 135976608 -1 17187035 136754703 127396231 84482977 51427096 112741848 43766095 140539551 98425713 44831930 36809860 6641199 105436813 -1 42950650 136562417 120827808 140327730 99421162 93170162 41675045 84929862 100960684 130316393 35468858 108737156 27863630 -1 46712709 109517150 18561522 66764221 -1 138714341 29323122 10204404 20510401 135746648 43241529 24986582 -1 98266388 53909237 9346331 92202474 -1 135691545 60078241 6995312 116792638 72949112 58713280 99808000 64410808 40451137 76883782 84842682 54503602 69922985
49 373412420
18457296 233788611 181621794 266057172 213240793 254639673 311903910 82524167 239194030 219567922 162275289 156259509 212778711 242481766 284992604 322555169 28192891 10459836 184271482 100404304 225625661 171279643 102625918 58753997 142279985 125408600 213590441 87677187 224132617 99820995 287619031 46573058 283643413 307768183 233835042 231020145 200346353 71077372 170760848 231877318 96005732 53400561 251787450 261818467 216149705 220981506 257254968 69083446 107463585
317196895 101865580 -1 -1 -1 -1 -1 -1 -1 -1 -1 -1 -1 -1 -1 -1 -1 -1 -1 -1 -1 -1 -1 -1 -1 -1 -1 247977004 -1 -1 -1 -1 52010778 -1 101819149 -1 135307838 -1 -1 -1 -1 -1 83866741 -1 119504486 -1 -1 -1 228190606
7 635886146
166761299 236750218 179721990 54160538 124218539 115704420 227169428
120535066 -1 -1 233135827 163077826 171591945 -1
20 7716174
970580 1245873 6421048 6396337 6152387 6445394 2399235 1047071 587589 4581515 809821 6125549 3457043 6294084 5340877 717978 4548883 4017671 4498120 5535220
-1 5235635 60460 85171 329121 -1 -1 5434437 5893919 -1 -1 355959 -1 187424 1140631 -1 1932625 2463837 1983388 -1
333 614996390
117342817 368040012 341970355 123289384 53827003 216000873 191164711 396576185 203741755 260870010 406212898 34322649 380023102 62677264 323915011 250405611 190147571 149551892 71781901 342341199 363686489 119614484 57029161 374067411 375893922 385148636 64568542 414368988 68911301 142584006 131239037 106096045 211496581 165385099 385416850 62488247 230380749 411270560 298357414 185142352 296329282 33268081 198355204 14309264 360294329 380493106 362254822 401118152 35131567 55249586 397365482 296588829 398594053 427393412 88890669 210249612 309147572 178054166 239535852 51907911 125967270 365475092 206014339 253920528 396510143 430222409 378221118 278618912 38040344 433974791 324714286 189881986 318031774 52444182 408800180 273695811 289270325 326073131 279387846 188441508 129874855 419264204 108406149 367974918 72324243 214419211 24112863 155909300 400627066 615315 318011998 22702814 75437945 339784483 27982648 169322749 279826331 193016348 409149050 19791896 16666253 353176559 239219532 361370169 318426903 320085225 335647775 449293201 438153545 296722844 381537490 1197228 354425154 211168146 130234099 227465405 45732133 162337268 71114293 401180847 428269492 363312656 61700105 287620299 260697671 208742114 404776559 322688460 344880596 170056993 360992633 9977422 146389511 271928206 370083965 125718492 202932322 198537233 440702174 387412496 237581560 139618243 19509160 99720813 408592270 49146051 55397805 100656059 171752998 310318920 28890610 183690224 11926474 141064131 159417250 379822711 294254188 56028561 347520988 81062242 156275879 375838569 205091968 47335984 289278970 373823618 436595605 100259589 292059886 60519015 50565901 32332786 279026858 251907254 295538226 158190965 78514043 175368395 443711483 391192907 78871876 90780638 164409390 347731332 335850385 87208736 375088615 448418080 264831487 93313097 14704886 17733007 289317854 271533192 266871542 93538698 403915351 167180840 61872742 62337092 177270348 81452557 248152382 336418123 149713643 6161482 242499475 281689988 129339867 275462885 103941779 213542637 293413283 84664013 215603669 91805325 186058503 112942969 385017049 365717054 142603160 148579122 163233479 226506628 63911003 209736243 297546868 403237970 145718884 185053983 210106728 35062128 131349510 178563525 280851494 207639960 45334547 47641902 174248514 191369817 41914592 30090746 69760516 238654898 319802167 385163560 332672042 137037029 249994575 445216222 42935618 352826561 14234755 16815668 377855358 386572715 84730093 331173631 88183211 202312345 71851306 445289895 106332668 35671515 251723621 449570581 80581303 182308758 403391442 450685453 256585841 111654353 342264760 169568355 4873303 82697168 83587300 129359715 311711947 12587509 407564838 431024219 376240071 108021100 18380505 229546019 400342941 391901938 363315433 201441521 313819311 135789080 411596080 299171813 16022743 123494691 300598893 310760195 274998985 332049037 276373035 426631626 419126159 278400332 165376188 333056919 445520091 79549273 109884259 389893816 63489939 163365215 22678177 372129848 303426209 128176668 313139888 20596545 423442688 304013833 296045454 286263998 11898234 291836656 20082452 46119264 287418254 134147784 283382360 371607136 293507326 329451953 145504101
334058184 -1 -1 -1 -1 -1 -1 -1 -1 -1 -1 -1 -1 388723737 -1 200995390 -1 -1 -1 -1 87714512 -1 -1 -1 75507079 -1 -1 -1 -1 -1 -1 345304956 -1 -1 -1 -1 -1 40130441 153043587 -1 155071719 -1 -1 437091737 -1 -1 89146179 -1 -1 -1 -1 154812172 52806948 -1 -1 241151389 142253429 -1 211865149 399493090 325433731 -1 -1 -1 -1 21178592 -1 -1 -1 -1 -1 -1 -1 -1 -1 -1 162130676 125327870 172013155 -1 -1 32136797 -1 -1 -1 -1 427288138 -1 -1 -1 -1 -1 -1 -1 -1 -1 171574670 -1 -1 -1 434734748 98224442 -1 90030832 -1 -1 -1 -1 -1 -1 -1 -1 -1 240232855 -1 -1 405668868 289063733 380286708 -1 -1 -1 -1 -1 -1 -1 -1 -1 -1 -1 90408368 -1 305011490 179472795 -1 -1 -1 252863768 -1 63988505 -1 311782758 -1 -1 -1 -1 -1 350744942 -1 -1 -1 267710777 -1 310336870 -1 -1 -1 -1 -1 -1 295125122 75562432 -1 404065017 -1 -1 14805396 -1 -1 -1 -1 -1 -1 -1 -1 -1 -1 -1 -1 -1 -1 360620363 286991611 -1 -1 -1 -1 -1 186569514 -1 -1 433667994 -1 -1 -1 -1 47485650 -1 389528259 -1 -1 -1 -1 -1 -1 -1 -1 -1 -1 -1 -1 237858364 157987718 -1 -1 359595676 265342498 338458032 -1 -1 -1 -1 288167522 -1 -1 241664758 153854133 -1 -1 -1 -1 -1 -1 -1 -1 -1 406066454 403759099 -1 260031184 -1 -1 381640485 -1 -1 -1 -1 -1 201406426 -1 -1 98574440 437166246 -1 73545643 -1 -1 -1 -1 -1 379549695 6111106 -1 -1 -1 -1 370819698 -1 48009559 -1 -1 -1 -1 -1 446527698 -1 -1 -1 -1 438813492 -1 20376782 -1 -1 433020496 -1 51058060 -1 -1 -1 137581690 -1 -1 -1 -1 -1 -1 140640806 176402016 -1 -1 -1 -1 -1 -1 -1 -1 371851728 -1 -1 387911062 -1 -1 -1 -1 -1 138261113 -1 -1 -1 155355547 165137003 -1 -1 -1 405281737 -1 -1 -1 79793865 -1 -1 305896900
60 444090334
246233293 145826552 137765713 344440392 75690266 292576201 265399801 11148165 224566219 119057631 102269376 48489687 309686176 309338353 37041225 162669684 337683302 289620859 181838050 221410653 205921639 332953954 331542118 315969690 248942870 296696879 14653768 72653072 323374741 83492615 295654214 247109186 354921880 30808984 204296575 54055708 276286496 168802166 298383492 250693318 229279825 51624641 172930245 318883227 120214734 101974148 366180572 143541776 30782225 149080724 310914486 203747732 157674765 219922254 133721205 2358459 231281471 280098542 151605816 73366220
-1 222076703 -1 -1 -1 -1 102503454 356755090 -1 -1 -1 319413568 58217079 -1 -1 -1 -1 -1 -1 -1 -1 34949301 -1 51933565 -1 -1 -1 295250183 -1 -1 -1 -1 -1 -1 -1 -1 -1 -1 69519763 -1 138623430 -1 -1 -1 -1 -1 -1 224361479 337121030 218822531 -1 -1 -1 -1 -1 -1 -1 -1 -1 -1
291 801111469
70265728 88250623 96729436 75625155 29571869 39176269 40807618 54781199 41111056 92154838 29592394 76164442 1785453 76508332 60462847 26241990 29852857 79902157 37496623 45161508 57943090 51022441 88503840 49697657 1567881 43565788 45201699 74804193 77784012 45974839 15255738 56979021 51959357 46144937 27241744 29269028 95388745 50897267 21168440 67160900 13744373 12694497 20360201 45343017 82335290 78902469 46226270 38684810 53253410 94348647 85368827 34998179 4816205 4451320 88724898 85681952 27365632 91818979 28600681 2864020 19556304 49637826 80795899 30043004 2944989 90653649 38000590 86044537 54355076 34997102 80344999 16686542 53293923 24705494 24015364 77088828 47380784 93297087 36379650 89177815 38037259 73087426 51300051 64541415 15785131 32102489 22645944 53728355 87924678 82414047 81409146 46320381 20530354 89994347 6445890 55192498 7077483 32641410 73851858 72366401 34573288 58760938 10011408 42514193 87139243 1755490 93167896 96351461 75265370 86450260 11916575 82517509 54322897 56378588 71156720 11879492 52696800 71639968 40877191 17156475 51534066 65093587 22671484 73658060 10374361 76687506 6153982 94595099 71032505 76283224 92400101 86573084 33452984 58456302 79011995 66749958 15033681 12588366 57300516 51387483 40288004 93759464 66849748 42929205 69988037 73609644 65597637 37182892 48048135 17475772 19149828 43865181 10071179 11863678 41442914 58649100 3013660 58520703 46457660 88533504 77357724 67894178 52370639 5515908 21975352 93331263 88708656 74430826 24718724 64674072 38559031 65568062 54688414 60109719 33892217 52611426 65371888 63918292 68346523 80626996 45057775 96792735 20334036 3763645 17263730 33410050 32558786 15379029 94745461 43711636 40264497 407663 61763942 11881602 17846353 84518193 13399447 27031325 86240644 90172830 28233047 36945259 54247474 29448479 83776123 50649094 8342966 81800911 39401032 63090335 84070569 68465495 50681619 32189696 90628256 3708512 13855860 73520525 64282998 86116411 67474127 63807901 86259835 17191785 66744769 52722531 43432791 90388814 4439996 31922343 1392974 92949936 59834676 75616794 10027845 21404398 66914797 52040417 94979730 56089411 74148978 51515399 27364595 66667912 28579247 10391621 48955120 30352496 47456870 75038060 45717305 68693575 26613158 61696370 36569924 78456576 53664224 51737047 51783497 72884252 16344585 10539831 32550218 91182186 50391240 9398155 23791177 25239188 88880155 37922784 39640400 57096841 6321040 39958582 47618449 2427861 58366077 68855941 82414627 10158605 49510226 87686805 76805329 24692451 46051991 9562184 17085439 75361420 10466625 18217105 15215434
26626617 8641722 162909 21267190 67320476 57716076 56084727 42111146 55781289 4737507 67299951 20727903 95106892 20384013 36429498 70650355 67039488 16990188 59395722 -1 38949255 45869904 8388505 47194688 95324464 53326557 51690646 -1 -1 50917506 81636607 39913324 44932988 50747408 69650601 67623317 1503600 -1 75723905 29731445 83147972 84197848 76532144 51549328 -1 17989876 50666075 58207535 43638935 2543698 11523518 61894166 -1 92441025 8167447 11210393 69526713 5073366 68291664 94028325 77336041 47254519 16096446 66849341 -1 6238696 58891755 10847808 42537269 -1 16547346 80205803 43598422 72186851 72876981 19803517 49511561 3595258 60512695 7714530 58855086 23804919 45592294 -1 92559850 -1 74246401 43163990 8967667 14478298 -1 -1 76361991 6897998 90446455 41699847 89814862 64250935 23040487 24525944 62319057 38131407 86880937 54378152 9753102 95136855 3724449 540884 21626975 10442085 84975770 14374836 -1 40513757 25735625 85012853 44195545 25252377 56015154 79735870 -1 31798758 74220861 23234285 86517984 -1 -1 2297246 25859840 20609121 4492244 -1 63439361 -1 17880350 30142387 81858664 84303979 39591829 45504862 56604341 3132881 30042597 53963140 -1 23282701 31294708 59709453 48844210 79416573 77742517 53027164 -1 85028667 55449431 -1 93878685 -1 50434685 8358841 19534621 28998167 44521706 91376437 74916993 3561082 8183689 22461519 72173621 32218273 58333314 31324283 42203931 36782626 63000128 44280919 31520457 32974053 28545822 -1 51834570 -1 76558309 93128700 79628615 63482295 64333559 81513316 2146884 53180709 56627848 96484682 35128403 -1 79045992 12374152 83492898 69861020 10651701 6719515 68659298 59947086 42644871 -1 13116222 46243251 88549379 15091434 57491313 33802010 12821776 28426850 46210726 64702649 6264089 93183833 83036485 23371820 32609347 10775934 29418218 33084444 10632510 79700560 30147576 44169814 -1 6503531 92452349 64970002 95499371 3942409 37057669 21275551 86864500 75487947 29977548 44851928 1912615 40802934 22743367 45376946 69527750 30224433 68313098 -1 47937225 66539849 49435475 21854285 51175040 28198770 70279187 35195975 60322421 18435769 43228121 -1 45108848 24008093 80547760 86352514 64342127 -1 46501105 87494190 73101168 71653157 -1 58969561 57251945 39795504 90571305 56933763 49273896 94464484 38526268 28036404 14477718 86733740 -1 9205540 20087016 72199894 50840354 87330161 79806906 21530925 86425720 78675240 81676911
