58
3 3
792 957 884
1 242 501
19 17
312 221 669 232 542 203 9 172 493 743 260 724 895 727 24 407 362 965 277
104 674 68 8 654 201 4 1 159 216 1 1 1 129 430 1 500
26 1
318 37 446 393 85 110 232 380 845 604 998 362 873 360 976 519 322 476 219 554 718 922 9 388 525 621
809258996
7 1
639 42 108 95 791 459 111
176078309
22 12
807 3 52 1000 100 627 238 162 920 750 817 784 542 860 530 111 268 587 712 15 387 263
402769400 932342728 816166777 827110057 66775785 510306504 587431754 156318106 642370067 847039037 129562875 864563743
4 3
953 318 381 611
338 383 117
10 3
484 641 621 529 730 445 552 881 599 592
20 157 1
14 6
325 242 456 462 772 803 44 608 433 389 430 190 855 740
1 367 68 1 250 1
6 5
608 176 937 309 690 337
256084749 240115667 532321031 996674940 711253202
1 1
56
1
2 1
418 906
775613746
3 1
92 667 655
645
3 3
745 261 860
378236570 535409824 85235799
7 2
49 952 537 694 78 520 436
1 1
4 4
940 354 984 329
1 1 197 161
9 7
837 871 140 547 911 823 810 468 7
83 1 403 124 389 473 42
3 2
243 884 313
187 609
14 14
272 87 835 148 648 981 809 435 634 497 949 597 925 338
563 243 45 1 237 274 1 1 103 217 1 1 1 19
12 12
379 327 44 728 620 969 774 762 927 699 248 254
408020960 340242481 140934745 22591357 516649089 855853455 118537455 694641324 954516857 516113102 772359210 459901356
5 2
196 477 405 992 536
136754809 611223982
21 4
590 499 666 482 646 744 471 507 565 283 582 718 989 108 141 687 175 502 692 42 88
909803366 6302303 237900640 700234909
17 12
940 411 415 101 760 579 779 862 524 818 686 199 658 765 96 185 94
962704546 717113640 70782563 942341493 23104279 115557630 979770791 495929985 300335742 872485644 8005646 193319100
3 3
295 262 16
436380042 182011343 922521959
8 5
261 546 326 504 446 677 438 986
1 1 118 1 1
11 3
990 223 312 466 993 881 623 766 180 71 998
850 1 734
4 1
841 290 788 452
16584025
10 2
138 848 713 758 956 779 500 775 797 646
1 241
3 3
535 914 65
1 454 718
4 2
334 1000 505 529
5 201
8 6
323 44 611 567 137 777 844 589
481358764 400519827 620414003 496723582 223693273 10860138
8 8
832 110 945 566 968 217 20 24
407213528 513983555 908017545 165699028 187339129 623583180 691065703 665155842
9 7
737 928 468 420 419 549 784 137 778
618170924 890129854 598790340 334875505 449287500 399377137 997932693
5 2
665 680 884 502 80
56226630 732300857
3 3
998 225 157
496179259 747459080 295246238
5 3
217 363 726 73 736
590 48 72
7 4
758 843 846 100 759 151 499
149 1 1 481
7 6
3 784 842 124 157 393 392
52185393 242528625 280315220 144450089 919571924 662421730
1 1
284
108
1 1
219
1
11 11
821 337 785 171 340 387 192 251 433 518 310
730 278 319 124 162 297 34 224 1 346 804
3 3
143 224 929
11496744 880328912 292717709
4 3
21 523 378 176
9 11 248
4 3
908 433 235 824
869 1 1
1 1
49
27
13 12
47 199 57 457 997 568 776 291 992 913 40 384 941
239 727 1 46 1 234 1 16 1 815 90 431
4 3
600 851 513 754
304 596 1
5 1
564 77 639 130 736
107263703
9 6
864 27 67 203 149 331 756 732 601
10 209 1 1 642 143
12 3
619 907 438 371 630 172 838 883 288 471 851 446
111 31 659
15 1
739 357 39 955 16 508 771 205 648 971 573 783 907 983 971
973180871
2 2
244 450
214 257
11 4
726 589 251 926 925 794 747 13 905 22 395
546 3 1 879
14 8
366 859 844 316 237 903 553 39 171 755 16 333 346 637
295036680 997136965 201705437 231875900 687809086 868013166 100575613 846694735
3 3
612 377 306
755730752 460734959 410002010
7 7
740 808 153 834 659 197 223
608680012 781027746 64327572 910773076 86348065 421136928 822821659
9 4
622 884 952 976 618 938 453 401 551
64 785 22 286
6 6
423 767 241 535 552 873
70053051 947271568 778552116 146131245 486105651 577579806
24 6
473 35 561 246 124 842 671 572 698 407 965 882 938 891 532 552 342 761 272 424 423 798 386 904
52 1 157 393 871 148
