74
1 1
658
230
1 1
117
437431894
1 1
869
311561168
1 1
531
53
1 1
384
1
1 1
747
567
1 1
801
1
2 1
330 131
9
1 1
48
6
2 1
750 288
1
1 1
579
351
5 3
49 664 942 461 404
271 200 8
1 1
893
188
3 2
257 574 821
304 1
1 1
248
225
2 2
856 84
1 55
1 1
162
1
1 1
886
662
1 1
408
168901435
2 1
586 327
1
1 1
853
785247097
1 1
887
1
9 9
392 278 526 884 628 567 989 36 36
177 408 1 16 1 1 300 1 205
1 1
390
135785004
2 1
571 874
600590186
1 1
192
239543926
3 2
90 130 104
377067442 839100095
1 1
680
651
1 1
675
1
1 1
974
730408746
2 2
340 627
845354714 443075368
2 1
48 837
343946780
1 1
915
118
1 1
51
233823158
1 1
452
1
1 1
55
1
1 1
845
832
4 4
13 815 184 134
8 1 1 1
1 1
827
801
1 1
706
702503096
1 1
916
108879165
1 1
152
49
3 3
780 330 84
45888631 267479625 457423554
1 1
949
759901564
1 1
200
833512245
2 2
402 573
196325519 229020674
2 2
529 783
428 1
4 2
877 144 816 140
634898907 319582156
1 1
954
692
3 1
136 828 173
129
2 1
614 537
428
1 1
728
345
1 1
604
782133256
1 1
173
134
4 3
339 884 296 641
903237995 351587437 17959611
5 2
680 214 681 777 338
53222108 801860498
4 1
867 296 484 129
1
1 1
820
724963353
1 1
819
97890848
1 1
878
985790257
2 1
150 887
1
1 1
654
577
2 1
21 50
1
1 1
845
1
1 1
902
7
1 1
592
166504772
1 1
801
521146222
1 1
776
501769850
3 1
234 481 546
914612929
2 2
583 819
379174703 983345228
3 3
307 277 117
26 1 1
2 2
647 697
263210027 930393176
1 1
700
469
2 1
22 91
842968268
