49
20 17
612 88 674 532 860 731 886 558 38 892 362 475 863 282 382 404 271 631 847 375
1 1 754 1 836 79 695 1 25 1 237 6 205 94 133 386 878
55 35
601 9 828 93 37 387 509 477 932 209 417 95 199 467 269 668 240 48 918 774 513 878 964 237 638 867 887 425 600 293 145 516 956 9 403 579 931 518 621 134 539 386 377 832 528 602 277 296 188 509 487 473 238 181 85
392 1 35 1 715 249 200 271 1 1 706 922 107 97 549 582 1 1 680 440 1 1 306 1 229 192 857 158 555 1 1 571 320 83 1
15 14
264 491 659 586 681 582 876 870 747 441 550 550 293 928 537
181 1 1 145 446 28 1 362 426 554 734 1 1 523
5 2
963 734 947 727 312
407 1
24 24
717 281 671 345 546 199 434 122 840 690 856 839 959 423 708 817 111 181 575 955 580 167 332 456
769315508 533300450 233320724 507336132 648660626 183914433 158207296 361245532 797289243 67029564 625219587 919674529 582758860 756626275 533511248 497845029 47850403 701172248 278603333 29328791 764248433 885967747 523550616 375695158
16 15
565 235 227 819 856 82 220 262 8 941 619 646 821 861 885 118
1 178 193 1 1 107 111 505 1 6 1 1 1 1 169
6 3
927 715 784 473 994 894
119 501 1
4 2
971 690 635 277
115638589 563289997
1 1
165
110
26 22
40 669 224 190 210 242 708 586 92 341 474 937 41 402 65 129 445 658 664 392 731 45 978 637 935 95
264 103 1 1 1 122 1 269 82 1 1 240 291 174 1 35 1 410 66 29 683 16
66 33
764 940 640 303 238 614 328 280 501 442 754 995 631 395 281 510 317 447 644 829 202 388 219 46 969 768 74 246 214 111 619 107 185 197 358 485 748 985 764 973 668 221 445 238 660 8 431 236 174 4 463 674 145 319 621 631 81 442 185 215 643 274 371 430 819 746
1 1 1 179 274 1 1 288 126 1 276 120 191 579 92 6 1 26 62 164 72 47 99 10 28 1 193 173 100 1 27 1 53
20 5
236 967 390 371 505 193 782 642 70 916 351 503 267 701 423 302 249 535 831 215
241 1 62 214 39
6 3
692 976 922 904 244 25
762210514 735110445 249635275
5 5
810 248 330 838 485
23610038 348165825 262684024 291054594 954420188
9 5
419 969 148 17 995 386 968 159 402
401255845 133428734 415280161 383444916 543393969
18 15
970 257 620 491 988 372 641 759 327 931 286 186 624 788 718 645 899 495
870406260 504243471 136386837 724278241 338965948 892808927 2558162 432824044 896479150 850260476 222250923 507121337 272698761 629543638 103339325
11 9
338 305 97 364 605 776 230 872 170 295 37
123 10 304 86 1 22 101 317 368
87 37
285 809 93 727 641 764 164 438 43 9 685 378 401 926 690 712 329 647 138 131 288 996 167 199 662 277 731 776 156 158 778 740 391 961 35 977 654 609 923 324 679 972 439 627 280 326 285 383 749 886 838 190 194 636 537 156 350 607 521 440 503 393 535 182 335 723 167 812 405 758 424 77 326 806 838 599 373 142 471 477 536 207 361 166 28 597 200
783069779 188523437 701057853 793190739 928201107 447522749 840965968 990661016 532921333 192314363 487917743 163205238 332256190 975707755 3344605 630643216 986711694 364746003 934694 349476036 702793063 487602715 558547715 65009902 306520177 329868468 705731374 977984826 588785122 331682966 67111980 338012148 607534631 594924562 563716968 861381930 786448289
3 3
154 648 986
158 61 155
62 58
527 279 143 961 252 462 71 22 682 675 179 32 787 783 481 791 57 856 250 707 304 756 787 939 838 276 544 391 873 789 740 283 780 12 715 888 702 61 649 97 710 617 485 824 177 109 629 384 413 771 756 742 441 926 495 115 139 623 310 340 176 286
239 1 1 15 48 294 117 598 550 232 1 348 585 1 1 448 1 44 1 275 1 1 822 753 1 125 789 240 19 1 18 1 1 69 110 1 95 142 27 380 243 195 412 53 38 370 411 83 216 1 91 1 216 388 308 373 1 52
29 11
925 589 57 782 238 566 405 460 633 360 561 299 484 994 778 235 852 167 159 31 631 427 858 92 422 318 254 414 160
829946350 564910452 589250867 32125045 850828069 160714527 421042368 342057204 115457657 148087990 109058972
3 3
722 748 223
278 462 176
15 13
803 161 191 321 325 981 375 673 801 886 859 882 793 718 937
179 129 153 50 642 202 382 1 808 362 366 770 1
13 1
43 40 460 572 129 931 8 804 510 683 197 836 886
1
1 1
497
349
10 7
311 743 524 966 211 310 821 373 716 445
425 1 178 1 338 176 641
12 2
710 754 359 555 515 459 557 402 24 461 412 651
1 346
47 38
358 795 941 673 210 537 368 139 921 340 319 980 82 891 768 592 937 195 291 394 739 133 993 489 808 497 119 247 263 209 806 618 106 410 881 600 120 713 769 62 931 21 971 168 102 538 377
1 543 564 740 141 110 240 1 288 679 339 1 12 1 63 1 102 65 1 1 1 296 1 387 232 1 113 1 5 8 36 110 508 1 240 1 451 115
1 1
183
112
26 21
577 664 358 28 693 441 877 901 20 338 183 18 301 100 502 911 362 139 671 256 118 565 576 407 802 836
186316280 873731918 226333624 76277705 15356156 284287258 838933262 207619759 36965188 341900083 26811222 322155818 530556970 958451388 731446814 762340192 546425041 779009753 265091887 814028358 536123603
31 1
718 502 81 816 271 219 213 835 876 269 957 725 838 806 197 572 389 948 876 535 521 971 336 788 530 408 846 721 883 151 526
886543446
10 5
353 531 981 834 513 936 918 185 176 646
335710241 515902803 277617156 619984436 150220420
22 1
422 904 765 872 255 551 230 188 281 740 525 486 231 588 32 569 76 146 504 347 638 720
98
3 2
923 610 30
7 1
17 14
442 65 241 291 367 529 844 375 834 373 106 544 502 376 940 568 366
1 43 1 1 251 1 21 1 398 229 1 104 2 1
4 4
637 807 282 620
626892892 824359337 985372144 665880613
6 4
587 397 485 484 4 244
227 1 1 3
4 4
463 10 403 288
276 42 1 1
16 3
969 789 327 423 14 471 283 803 975 311 115 93 522 390 310 267
440990808 392623511 827942601
15 10
783 237 591 281 681 441 220 324 557 254 166 538 25 164 152
1 223 297 239 546 237 214 1 1 420
10 4
710 894 684 64 874 233 37 568 179 736
114908240 209688333 812676870 950415387
1 1
939
935728481
8 8
367 315 617 260 768 747 191 808
755611337 709718263 223570204 336246180 442394998 363171592 870029718 503138263
5 5
114 521 967 128 447
251402559 548889478 947255919 916496961 64996879
13 4
260 978 277 746 827 540 163 577 884 3 469 784 380
1 294 120 105
19 11
391 642 837 847 480 744 303 632 254 772 293 103 884 339 855 273 159 302 249
87 1 121 155 1 1 507 143 217 1 105
14 4
617 906 342 664 289 89 957 564 388 376 678 832 187 793
688060243 258312711 843480949 912979218
3 2
797 728 464
417 495
3 2
246 819 660
234 20
