44
16 12
449 921 771 378 505 468 162 217 768 867 68 587 657 478 384 580
202 560 1 417 717 139 1 1 711 36 1 1
8 8
719 375 594 945 616 661 710 785
120097952 383188587 537647019 683172744 298328843 872453501 154582932 763923955
12 4
832 20 48 902 861 19 724 356 699 271 134 271
980198192 37186412 267312323 881484402
10 7
293 393 85 441 690 150 462 801 73 846
435 1 52 1 72 1 1
15 12
405 946 138 847 882 824 871 982 799 767 760 800 240 886 243
717550865 117948586 748844749 423467678 903139559 68278961 838684562 731474826 761784447 897864492 533519083 228660935
1 1
737
102
3 2
389 575 54
982038267 913728542
4 3
336 499 538 35
1 14 411
2 2
707 404
325384341 558892528
19 7
782 264 132 355 994 84 569 163 129 67 463 57 900 498 515 207 837 854 492
1 1 153 39 45 746 45
5 1
1 444 915 121 923
436187341
20 5
24 603 79 452 289 912 580 900 23 611 720 836 794 274 657 738 434 108 316 208
128 152 333 30 229
3 2
375 870 995
663473046 540315691
21 13
523 237 451 594 561 563 343 779 884 418 684 879 262 228 640 732 171 396 135 823 582
80671844 615092818 515439349 709450286 279002102 693776496 716854643 487459781 652169352 20325607 412059058 292498487 122124446
4 1
154 83 992 94
969
9 8
761 797 153 438 630 859 673 185 435
394 302 11 567 169 296 350 1
9 3
687 212 859 592 166 355 785 706 850
593975177 400726285 57252695
4 1
459 32 725 619
222325011
35 3
573 9 972 919 883 34 386 495 879 882 436 941 568 745 895 446 312 613 873 649 148 744 337 708 760 347 410 413 852 769 859 708 431 884 736
1 16 271
10 2
967 445 725 910 698 274 399 576 511 427
1 172
5 5
174 744 601 703 470
18 130 1 1 530
22 13
50 959 46 519 353 814 818 395 289 248 570 34 78 120 212 109 865 843 912 452 840 103
499 330 218 651 558 9 29 338 1 16 76 134 26
4 1
176 296 5 620
183
6 5
93 139 307 119 956 673
1 1 159 914 1
24 11
96 852 87 647 140 96 949 760 566 184 483 29 937 390 945 262 373 722 562 338 153 196 40 967
1 239 18 271 155 1 520 197 93 548 19
21 21
477 735 563 413 725 656 816 617 555 657 360 309 717 946 63 567 362 438 322 848 810
1 554 208 101 389 181 1 1 183 1 1 184 478 1 569 1 1 1 117 875 416
9 1
400 705 425 344 536 195 411 532 825
435042612
7 1
221 127 222 160 593 244 479
404
26 14
113 716 489 827 212 731 561 535 765 806 201 728 583 256 681 134 396 68 467 520 332 114 128 24 226 67
1 1 249 431 1 1 112 247 48 1 45 1 524 521
1 1
221
803488992
2 1
317 510
263
2 2
940 551
140 1
10 3
366 743 453 138 580 859 518 910 120 244
715450076 640852417 102852235
31 30
230 994 9 358 740 910 953 871 175 80 182 977 451 284 924 993 804 958 882 618 301 563 563 773 376 244 681 543 799 651 151
572562318 963960429 990129073 896999776 860921889 63440762 179780277 379820146 935981929 924021907 460187349 247780960 433468204 167530852 686938370 445183620 453850824 480884108 816862926 884463224 765502675 186263036 67823267 221334851 183088966 609342945 568324600 310698990 565879677 620463641
17 1
539 362 866 171 953 467 342 621 905 420 666 3 303 782 730 710 892
544585456
36 33
267 211 18 367 555 466 111 616 211 280 609 765 577 9 139 403 167 996 290 553 883 285 663 112 281 288 405 38 380 330 924 981 261 974 650 899
1 1 1 109 92 108 94 6 443 473 210 80 1 1 217 108 391 219 286 675 1 2 462 541 298 226 142 1 174 147 162 13 1
2 1
206 408
139
11 10
639 723 62 216 500 247 269 137 607 554 61
477 326 1 178 1 1 19 411 138 669
35 1
635 301 339 645 772 676 34 13 699 711 4 952 875 467 312 401 86 393 820 22 28 945 81 657 349 839 639 559 566 987 243 805 941 570 244
429845163
30 11
419 317 453 564 94 320 382 360 887 921 121 869 368 809 615 163 248 887 2 751 2 624 853 817 767 469 336 9 384 870
192224461 149105257 811905705 835005591 432376006 747725601 373671497 148731571 478364037 351998956 82304729
5 4
826 220 543 764 105
102 1 1 1
14 3
389 389 950 481 174 85 700 699 816 274 512 581 945 441
251 1 1
25 19
411 543 1000 387 473 861 159 391 107 616 957 414 759 556 710 993 590 664 175 441 405 834 397 334 633
213 184 264 531 538 347 308 610 1 343 302 148 1 272 236 16 20 216 207
6 4
574 23 284 200 82 263
46643004 625093333 675933557 60341086
