75
2 2
114 607
1 64
1 1
910
132
13 3
98 931 77 853 619 844 624 510 426 536 231 187 419
338 1 1
36 21
506 858 780 308 11 119 61 968 414 968 985 347 826 909 670 60 876 860 245 970 476 94 975 625 698 857 565 720 359 443 985 82 898 614 878 499
43 520 104 766 47 52 1 576 637 443 250 77 109 2 434 1 802 281 45 1 778
7 1
87 809 735 514 662 782 28
1
2 2
31 646
1 453
1 1
696
98
8 5
516 340 45 57 163 184 410 896
164 1 1 25 30
46 32
479 197 882 168 796 251 56 858 140 47 655 892 801 243 73 546 262 246 782 109 179 651 97 833 861 852 723 286 187 560 401 574 345 838 698 764 959 901 964 391 676 486 71 862 731 296
524499438 267118033 857074853 439186236 22786850 840995927 117298887 984546858 107705785 984814980 830612955 231701679 757240917 544374870 310311321 61047348 465856409 987453622 904937196 431711325 167741123 745589323 134880065 407891994 386215410 623388675 627708512 692395499 624167882 757713366 953045359 912451157
2 2
351 196
12635569 97048676
5 1
321 963 410 727 534
361
16 15
690 461 588 235 956 191 109 142 557 733 954 790 362 825 155 557
1 70 1 77 71 1 1 76 41 1 1 323 1 1 283
9 1
59 410 655 688 916 342 319 647 705
74755510
4 4
384 655 290 946
219622970 218281277 418445540 441570788
22 6
598 496 573 830 251 721 783 20 892 821 45 92 334 638 153 18 147 438 608 414 730 690
1 142 102 676 1 11
21 10
832 734 221 132 619 827 864 297 598 186 547 683 244 730 669 804 92 687 561 623 962
320775536 613877412 599909012 240336762 278404192 199336908 415765152 422788656 473363663 431480244
4 1
339 760 842 813
1
9 4
279 806 766 482 76 882 797 363 204
611221256 800974054 931622910 352681328
3 3
637 28 871
1 613 15
2 2
74 538
343 27
1 1
26
22
1 1
490
192472354
6 4
792 312 238 10 541 171
1 459 219 234
5 3
178 275 101 254 153
1 1 95
4 1
651 653 407 50
41
5 2
370 71 387 439 784
1 1
10 4
60 584 198 426 332 194 306 799 747 733
438376089 571408707 667762406 961113657
11 9
446 202 936 954 716 520 706 317 478 983 636
435 1 1 164 465 498 1 473 611
5 3
391 308 959 333 568
336 11 11
1 1
540
158
11 7
525 345 380 785 686 915 978 545 546 773 900
44 42 519 175 712 1 1
4 3
969 945 585 155
762250390 911024135 738123925
4 4
193 85 779 997
74 186 61 875
16 11
358 137 114 538 525 418 692 991 240 720 460 370 679 739 561 468
105 1 29 1 133 230 155 1 1 364 355
6 6
193 95 754 434 591 937
25 82 475 124 84 663
9 4
450 94 600 791 77 208 145 968 768
365 413 91 1
9 3
173 776 289 760 867 468 215 143 512
319 1 504
3 1
372 335 673
562
1 1
82
469884443
9 1
30 536 776 1 861 63 530 330 578
683723294
2 2
503 877
1 1
9 8
512 384 113 903 891 304 3 521 569
1 148 1 16 281 338 273 2
5 5
206 680 885 651 419
346014532 196626717 517097553 682832741 526860837
7 4
277 624 392 545 23 793 427
247431811 275981631 117839939 162104594
6 6
127 293 165 760 445 424
514577125 615736691 793935335 966933134 748371342 189109771
8 5
976 930 8 384 571 856 134 976
1 1 1 24 1
11 2
473 311 21 541 230 916 999 481 261 598 317
1 281
1 1
281
212
12 5
525 620 529 509 418 871 122 470 473 617 418 141
680162647 37789104 932108668 314238286 567982730
25 1
882 604 227 100 849 40 462 402 923 226 256 63 940 794 430 54 27 640 590 782 872 588 604 666 74
1
4 1
96 624 852 186
386
8 6
869 432 821 500 534 63 405 25
1 563 195 18 1 83
4 3
1 247 246 359
150 1 167
13 1
731 729 989 950 197 186 240 504 454 783 242 375 644
379
3 3
475 7 372
114869377 389736458 701214290
1 1
423
318
12 9
836 209 742 87 259 763 433 541 860 591 783 65
45004031 660723680 972981597 697433125 852547631 788895228 253970647 213542869 615439694
13 5
360 446 852 731 458 835 87 295 448 794 182 119 938
1 391 130 375 114
7 6
903 287 754 820 46 194 907
150591542 947037766 76254972 33429088 406741862 552266206
27 14
392 754 750 710 335 978 785 548 911 618 487 214 344 208 285 577 196 508 515 575 526 801 45 349 912 383 281
660 1 112 14 46 148 342 112 103 84 176 284 443 350
6 5
66 794 298 902 366 883
774496898 540408999 585563172 967978407 923072502
3 2
956 724 940
1 1
9 9
828 939 737 533 445 720 775 988 866
635 822 312 146 1 708 515 388 249
11 10
667 656 567 608 283 733 727 981 815 994 165
56 1 453 1 222 437 69 712 1 30
19 2
853 364 559 186 457 616 4 486 558 985 611 321 338 443 391 145 644 984 170
1 166
38 6
558 657 265 914 544 611 153 354 870 15 553 504 210 379 168 227 659 291 445 354 187 223 899 72 582 104 415 203 257 17 827 321 536 890 705 185 543 455
517985289 588927850 127152221 605604440 153992335 591712106
2 2
588 378
452013209 537934190
7 2
458 183 459 868 818 252 468
437 1
9 5
904 628 459 973 165 536 721 387 652
242 137 887 1 105
3 1
712 615 600
1
10 5
163 978 747 179 765 894 70 230 701 654
1 59 95 471 63
6 3
971 430 436 497 701 553
447010506 449537360 407547885
7 5
233 891 712 414 699 979 151
615739594 53161102 882112469 812942302 991499149
6 5
204 504 847 892 930 792
982381130 431970130 729412949 739546759 999951921
20 9
585 870 830 143 787 183 77 474 133 365 559 366 553 729 143 467 625 221 463 631
238 56 1 560 472 113 349 374 1
