59
9 4
716 396 497 690 787 899 218 259 267
570 192 193 1
5 2
870 471 13 5 139
427 1
7 2
965 828 828 245 801 157 147
518371181 184171230
36 34
594 722 656 169 719 645 835 760 987 170 530 990 945 618 238 366 81 629 613 293 769 265 521 525 218 747 319 229 452 285 371 867 651 615 418 821
164 36 88 146 462 275 466 330 309 1 310 628 1 219 1 251 477 1 55 1 195 261 323 1 1 1 1 103 1 1 92 346 390 1
17 16
679 546 887 779 280 935 961 995 177 749 545 194 777 163 398 656 209
439213454 476684176 123952725 520242526 554890493 805755576 177713160 271697191 779847472 196827784 199262502 133535784 775907539 361639090 753111898 322254382
4 1
657 875 860 272
547483329
30 21
326 47 288 814 574 485 677 399 618 763 447 469 727 757 334 51 5 981 841 541 695 965 988 857 864 992 960 67 968 346
374 372 278 510 447 1 252 108 1 354 1 1 223 1 2 1 1 740 226 384 1
1 1
490
250
8 4
517 909 263 42 996 900 733 858
700137840 1197812 102542252 43683482
5 2
240 153 520 549 484
382974697 784736842
32 16
223 923 863 775 48 828 806 469 484 464 97 634 313 855 828 717 311 261 188 337 328 832 718 655 75 88 781 28 991 747 927 977
1 37 443 1 29 90 259 707 439 629 531 281 19 29 132 976
32 25
732 234 912 186 326 578 412 535 750 822 868 60 912 709 316 34 432 884 319 243 378 212 156 384 57 667 168 399 138 373 961 127
295 96 71 242 325 112 121 30 1 21 1 1 99 1 175 1 1 33 62 1 562 188 410 113 724
8 5
127 102 712 937 681 414 928 452
613 149 1 92 370
5 1
114 199 633 480 749
685
1 1
57
48
16 2
196 251 713 791 65 590 513 531 338 36 144 885 596 376 380 746
289 120
1 1
970
583
11 2
197 153 635 432 246 636 553 983 992 278 813
676577025 46816677
5 4
932 958 415 755 422
958369819 920215437 663621943 781573732
17 5
956 499 906 721 198 283 781 947 308 541 815 5 844 470 396 854 402
184 1 1 1 241
48 5
284 762 139 698 687 87 453 245 398 861 914 206 25 306 807 876 219 69 158 741 190 575 771 674 69 997 215 384 83 667 518 102 521 258 432 370 432 892 578 652 124 406 838 668 173 543 289 494
22 10 876 1 1
3 1
999 818 633
916683622
6 3
276 881 913 191 430 564
394514164 186989217 131994350
5 2
27 390 695 941 488
101 369
3 1
182 378 706
992932058
24 17
248 973 174 221 968 416 665 440 492 69 538 284 285 18 266 722 413 291 568 680 557 292 107 26
90 1 1 1 6 11 75 238 61 29 1 1 1 13 3 244 1
16 16
709 140 104 353 851 162 142 173 582 298 596 729 157 352 736 746
1 1 317 1 636 1 237 1 144 270 1 493 163 286 50 1
25 11
12 443 711 37 38 39 882 348 623 25 414 715 516 826 821 306 423 329 582 58 619 209 590 675 26
906320889 107505993 640293133 912999489 889620784 293151328 430794495 225885218 287924826 862097571 16091144
1 1
500
672224243
9 4
464 37 983 929 288 539 771 144 313
909566731 115676555 382595737 174799103
1 1
45
820975024
1 1
965
581688472
23 8
375 13 991 634 939 945 584 210 527 927 37 966 441 851 45 101 136 597 777 638 556 202 768
3 321 283 419 141 92 467 603
10 7
986 55 540 822 680 704 339 282 330 654
5 243 1 1 302 261 1
10 4
166 241 535 659 668 29 353 116 393 560
321 288 1 166
21 9
179 622 653 718 894 963 936 25 237 169 608 518 348 676 175 805 925 246 548 565 32
742449286 630941438 537339400 523121565 631925098 422980063 283502852 915761909 307646716
15 5
386 632 220 438 96 331 484 956 707 453 720 564 383 551 751
326 414 416 354 105
10 7
435 364 236 303 656 413 656 324 408 66
336 1 180 1 339 1 1
3 3
737 143 383
63 632 1
1 1
667
1
2 2
191 610
246178998 89105149
45 9
869 615 662 254 146 587 888 521 763 282 578 822 199 155 619 788 896 956 60 26 752 88 711 392 450 760 461 667 345 726 716 840 21 830 413 659 115 928 144 836 736 459 988 765 654
1 190 58 5 52 264 546 1 1
5 5
966 501 268 2 633
1 490 284 1 1
2 1
949 529
832
2 1
114 760
35
23 12
491 875 708 902 315 211 979 883 132 546 265 923 844 444 474 178 919 64 515 462 392 962 674
644 1 169 1 1 1 1 962 716 1 274 167
61 30
620 698 538 262 842 998 456 601 985 717 466 468 817 576 409 910 978 551 241 211 228 781 676 518 349 185 151 947 661 66 375 26 549 581 521 195 604 806 961 207 329 516 463 401 173 392 885 990 441 945 439 681 387 562 276 197 680 790 750 484 706
455901126 919701760 445041128 135825797 296703226 969927085 812942313 120891549 662475898 22009979 802554169 556042728 965597880 756621312 902609996 327209600 471474476 459033311 716476839 659490658 987904369 824688888 494247895 931232246 176826093 10312345 136065444 163246953 483315301 652626707
26 2
338 206 492 565 229 23 410 750 210 395 15 48 840 219 428 339 277 482 395 267 768 232 713 646 774 261
368 485
39 35
131 192 649 475 379 975 80 158 952 130 811 287 896 483 191 839 753 881 515 409 410 513 777 729 220 419 880 698 434 166 154 956 463 817 21 154 171 476 787
74136489 378550545 393526388 500785325 449437214 724301215 55612977 6894401 608068656 911630839 490541594 920555022 349748754 525225851 270875893 700604090 592227317 111952715 176928927 897934701 862005094 33023044 703405983 491328475 298317254 71978334 959989394 310072491 421228091 798949393 424951197 203579058 809306223 976255051 152005424
15 11
745 595 818 531 76 182 212 662 719 955 706 713 351 845 403
1 339 1 1 235 1 1 38 108 1 754
28 24
309 470 807 603 430 461 336 433 150 850 4 480 678 70 163 179 244 717 843 656 681 570 591 201 318 660 365 410
37 656 29 71 416 149 636 240 58 313 1 234 1 1 427 285 1 795 186 1 331 184 295 1
18 8
498 612 99 903 447 931 405 509 724 254 427 862 681 264 780 697 983 418
1 1 158 687 322 447 1 287
10 4
630 923 978 242 422 848 881 645 369 133
22 846 219 479
38 33
465 477 423 606 156 621 152 992 462 929 486 626 518 46 332 495 598 315 332 533 2 533 149 849 12 248 762 548 575 925 899 995 756 626 41 235 53 481
805225328 339945165 864874273 182772414 906029894 812602305 18390345 55158064 171823527 99738699 651772897 498012146 288158990 950941311 418553960 771408560 666724414 975331626 299003066 882227985 47834457 518426697 24439787 44329088 919726250 659309299 467699632 100762345 261793190 226544692 934976859 202694488 99481340
19 7
384 87 281 108 637 959 541 985 695 47 37 841 69 143 217 4 789 337 29
36 27 365 54 1 3 1
12 11
300 390 522 812 333 351 597 860 462 82 628 143
132268903 223163211 867561029 503197486 619674987 94028277 423070656 988018401 733377697 594596178 764898115
87 86
968 789 630 454 653 288 341 454 541 172 426 556 758 511 673 240 759 961 368 544 699 221 683 667 532 172 837 721 948 378 465 547 77 491 308 444 33 439 142 931 127 324 996 727 656 814 431 555 995 204 923 500 984 398 599 593 805 853 89 707 36 430 153 408 660 351 947 379 989 308 168 604 328 736 172 768 988 105 967 586 432 918 799 185 761 829 314
344 50 1 592 37 87 297 80 179 279 705 347 1 465 1 1 1 1 636 68 339 578 1 124 541 581 36 35 569 1 543 403 1 112 59 1 12 348 86 667 33 896 502 86 317 361 49 707 302 1 290 1 103 235 348 560 45 1 372 848 134 66 187 752 1 1 143 617 1 1 143 181 284 1 273 306 350 680 372 612 371 130 327 916 908 1
11 6
440 772 81 260 221 56 971 536 295 533 551
889425678 866793801 965819540 641612652 512522964 166445554
1 1
6
160707828
