65
19 4
645 306 926 372 472 401 485 349 477 813 854 666 114 427 961 188 355 961 564
290954891 693475206 380157587 962888907
33 20
592 204 899 494 381 363 218 215 883 170 735 126 241 880 37 397 360 561 377 233 856 345 961 756 91 465 179 976 978 162 76 801 999
1 1 1 268 25 221 36 60 259 1 131 1 1 33 1 1 105 116 81 193
16 15
118 818 103 839 760 218 931 935 136 699 282 20 269 45 895 665
500508279 691037184 697035610 756450793 626589555 771500349 854978601 885810088 901788983 138848240 330614975 34231048 906380071 224043305 277234719
2 2
256 39
1 1
1 1
892
266115749
31 29
288 514 719 423 735 584 609 426 431 187 395 524 199 607 299 695 164 607 756 71 654 669 932 158 902 662 551 460 705 712 556
729022442 241696976 509040156 745217151 512372082 992241020 206516402 112754223 352747916 685818192 444197065 568127613 422125523 439449524 744727512 328022370 476461996 96167225 32338610 233032949 647006173 541211176 658211388 447544798 474226153 419058772 434951038 548282453 456411859
9 4
646 778 356 618 824 269 511 834 634
133 214 305 782
20 7
873 257 350 299 303 406 725 794 265 603 667 546 225 975 509 974 232 107 618 699
1 563 341 764 1 1 286
40 20
369 84 328 643 576 297 309 10 614 949 940 183 2 539 640 820 1000 835 288 746 950 728 413 47 951 164 347 839 730 952 812 31 747 857 318 412 852 894 537 51
43 73 11 491 734 1 278 766 63 316 788 837 173 13 263 343 1 41 1 410
13 7
226 621 736 402 859 692 196 713 133 398 511 743 941
1 1 380 1 458 609 334
5 2
330 777 638 97 396
248858660 730497745
2 2
253 574
59092125 342545031
17 12
657 291 848 359 981 188 155 662 162 498 91 866 358 182 149 290 115
86 87 620 32 504 169 464 142 1 1 1 1
11 6
281 572 370 259 184 819 668 347 144 737 338
87 271 1 1 1 87
9 4
992 301 220 27 823 151 675 922 588
1 1 72 26
6 1
773 651 722 568 854 30
1
5 1
773 612 54 285 714
75058729
3 1
871 393 101
530094122
24 8
457 137 341 628 904 977 544 433 263 533 53 7 921 204 73 247 654 349 560 649 520 623 389 400
141112624 640916716 887348527 679661543 744702089 807257079 907224589 807497258
27 1
567 842 319 469 515 355 739 12 728 744 237 430 907 627 337 755 627 286 762 757 350 788 329 976 761 838 427
1
1 1
817
919555504
5 5
927 389 927 577 588
739138668 929406736 522439748 404065824 176411819
21 12
93 647 231 605 358 643 864 952 815 587 912 164 227 222 536 756 824 262 423 833 813
449852711 996630335 191243474 575279577 68712394 380307054 584120230 889737740 503937275 514443116 232328085 485191209
4 3
730 866 400 841
111 651 395
1 1
576
234157258
14 11
657 237 760 797 217 977 718 794 144 865 348 274 368 413
255 656 483 1 53 519 318 1 273 72 610
33 15
29 354 421 852 802 589 488 123 403 663 556 139 761 171 382 340 636 29 293 127 463 997 904 116 775 265 450 520 514 540 663 133 794
3 285 645 1 1 12 1 1 339 139 186 480 449 19 296
26 23
346 242 679 109 688 292 836 202 359 527 3 981 732 824 993 227 479 648 213 202 920 68 699 327 807 576
669824966 663959868 45578897 200666238 693040928 619244326 330558783 449097596 951091174 244065811 480257890 16770359 645564056 737133654 565689287 508776782 340174413 514836227 697469233 322852457 177265222 321881269 667004653
23 15
388 807 285 824 141 933 433 726 985 687 853 287 108 503 450 299 860 667 160 292 205 729 144
759797515 427460790 665296716 890472743 791273943 404113928 656817713 43600844 706300507 344470803 463350064 20840914 554825505 372853537 392828428
22 7
356 514 892 445 322 300 254 884 513 296 483 199 629 263 228 696 546 616 647 169 188 963
263494841 63777996 307763524 17898123 658867235 600904882 33141442
1 1
230
178
9 8
340 783 567 959 777 550 939 247 469
129 207 93 679 490 56 1 431
31 8
976 240 286 662 624 202 643 474 220 711 75 460 621 99 126 196 215 505 992 724 571 365 656 161 451 325 205 938 348 416 288
283 331 242 1 1 544 1 350
11 3
463 204 742 249 881 689 506 891 982 159 122
88 137 1
1 1
157
98
16 16
277 606 269 650 814 578 749 462 13 65 6 485 532 279 782 877
409351594 721971371 475724945 548065712 171889311 353762746 615921253 705041115 570036012 21726601 926030028 812662594 304076976 332053536 445691954 746682990
46 34
981 19 811 465 54 30 683 528 730 383 596 842 890 646 955 438 264 847 600 925 926 899 762 982 313 804 739 900 624 179 114 472 301 971 598 212 520 964 525 600 809 767 118 252 106 285
106 1 110 129 407 15 1 1 11 1 893 800 1 239 98 1 118 28 834 419 280 307 1 104 511 1 1 1 1 1 450 191 1 8
2 1
24 337
100221638
15 6
707 902 473 324 250 306 210 321 268 349 454 390 285 852 262
117 396 192 141 1 1
3 2
318 664 697
554118898 628898262
13 1
383 957 350 80 839 921 60 546 127 169 781 406 576
3
39 9
131 289 71 902 217 581 917 646 485 650 963 5 77 183 818 660 979 829 822 468 139 941 396 871 462 592 218 495 893 305 572 422 956 759 166 834 841 313 561
506 390 165 36 414 1 161 92 342
11 9
491 777 808 349 745 730 39 598 987 991 985
307 34 534 239 1 1 659 482 323
19 10
450 122 746 688 777 634 954 591 767 437 68 928 778 366 292 239 116 710 701
170663081 880715086 314228351 313952195 791101159 809239335 177937446 241787474 910597677 691597998
13 4
859 809 252 830 529 174 408 350 93 519 817 737 896
56 1 1 502
9 7
160 352 616 513 444 616 802 801 335
295405112 642613600 143026004 577731358 737662379 228571308 67317661
23 10
178 809 835 595 627 730 326 332 870 694 335 721 880 187 898 589 728 641 806 776 419 501 527
624545153 180093542 341774339 129761882 89971364 935199098 513652181 945086786 570112052 389171234
3 2
986 488 852
732012349 316156210
14 6
872 373 332 857 38 164 255 263 971 11 81 482 578 365
1 182 132 161 207 1
5 5
983 154 413 365 462
663 1 309 1 39
4 1
519 44 898 342
97
16 15
54 87 141 127 75 251 423 966 856 743 807 230 671 754 210 375
445 1 186 1 1 794 251 39 50 206 1 312 1 416 27
3 3
26 428 463
16 343 253
36 2
912 572 609 733 181 69 641 788 287 269 597 450 376 424 169 264 393 756 999 639 730 261 880 203 844 57 316 336 47 133 498 305 790 578 766 522
123 73
32 31
802 402 542 375 557 603 105 608 400 234 374 870 774 536 384 70 583 220 189 785 450 815 602 835 626 620 307 346 31 877 317 267
645000841 42270675 687089498 509517782 900471820 715070314 956648590 74506525 69528923 492382998 138356461 265013891 195028584 744356076 475751978 667174883 335855130 918061288 473023284 18910338 369001550 33391930 470693445 266119525 55400949 655704490 571364268 995282636 413397923 817321086 322581
26 16
544 891 152 989 238 189 341 29 914 117 520 561 827 218 37 156 670 597 462 916 753 668 721 158 730 103
108 1 897 660 8 1 548 1 469 359 1 1 63 76 101 106
48 32
406 430 952 800 269 67 392 190 441 455 693 590 71 398 357 880 153 531 618 408 30 551 300 998 264 790 889 229 550 849 285 738 934 127 538 287 201 954 985 881 207 562 260 192 889 391 661 447
1 1 58 544 125 129 1 1 621 465 563 470 1 317 1 45 125 1 1 1 183 90 328 184 167 1 65 1 585 549 1 178
5 2
2 77 109 268 984
104836320 243590156
12 9
328 269 859 932 120 669 278 861 74 832 354 310
1 285 1 1 1 694 1 247 785
6 4
431 811 348 331 474 106
1 282 311 581
1 1
475
665136610
3 2
861 276 411
607546374 55633560
45 20
154 848 34 730 120 317 300 452 853 764 759 15 80 433 466 618 813 331 342 957 448 994 322 894 870 420 368 539 733 497 92 654 511 705 739 772 327 765 659 870 611 247 2 213 594
138081464 454351411 416298939 224581336 363081814 878423560 272098087 406207594 270397299 914690388 390054773 440078614 324764482 338339313 983125143 708399675 799935514 949800032 748469032 41927481
1 1
742
453
4 4
251 126 361 588
110791 922995485 380478742 800137275
