50
33 5
443 224 400 47 815 222 451 113 645 913 651 585 637 556 245 158 602 378 254 582 359 119 496 62 697 606 910 964 325 981 466 613 701
1 235 1 297 231
5 5
915 702 185 111 923
61 355 171 1 757
1 1
237
205
9 1
145 134 300 244 311 15 977 984 111
18
8 6
767 79 541 165 902 568 298 975
631662964 199064279 938087615 119120882 412366010 113385087
5 3
344 781 964 637 572
1 4 1
15 12
909 452 665 354 513 189 271 529 510 834 821 156 32 342 169
543219643 604863310 37008196 458513712 511177934 710474304 270801324 966311593 385277696 305176029 772611200 703149157
12 4
155 756 410 431 656 257 223 273 22 798 169 965
662404149 282187478 210094402 131325421
25 16
884 741 964 904 421 398 37 552 966 406 301 243 659 483 327 279 169 633 121 207 824 550 597 582 675
586 794 154 164 21 49 1 341 226 1 906 258 515 11 47 11
13 7
598 487 84 978 930 191 921 573 584 838 640 628 531
351 73 119 1 486 4 1
27 20
746 277 309 691 70 337 830 196 752 194 679 493 280 825 262 543 76 80 499 278 453 554 30 923 612 996 504
217 1 79 389 432 148 145 1 555 1 127 89 385 50 11 56 1 624 69 1
2 1
268 239
1
21 8
55 742 649 734 94 963 652 990 592 537 786 615 648 86 981 823 738 756 856 128 527
916511344 903824438 184422112 960303911 799603709 853792447 111645083 458619579
14 1
68 712 793 510 591 597 483 375 837 168 220 798 22 584
1
4 1
322 212 280 262
10
6 5
901 857 72 793 849 283
19 742 1 1 1
7 7
126 613 553 368 839 580 790
248 33 219 185 1 579 1
4 2
782 820 311 992
844428689 585410363
4 4
14 919 733 676
744666343 224768620 157684512 96064467
7 4
706 685 66 991 773 127 772
756822414 866441353 250706937 132878276
1 1
946
562
25 13
953 794 474 629 223 638 12 454 939 883 321 342 405 827 73 496 220 877 120 512 984 13 200 531 590
1 652 308 106 1 122 614 127 54 739 306 218 412
12 10
745 958 487 380 881 869 646 391 165 794 435 670
561347689 806122402 218364788 265725115 806237621 783375485 130430253 796390332 615897407 49423966
25 2
986 191 245 166 541 539 321 543 383 973 680 849 315 872 747 283 754 620 658 659 38 285 748 463 847
336 452
15 10
382 929 415 822 129 22 872 345 110 71 899 50 293 527 275
52 1 185 28 25 690 272 264 12 642
4 4
629 886 60 426
38 342 72 159
1 1
330
203
53 30
888 492 530 284 907 816 65 67 890 798 338 789 54 590 731 189 643 577 640 547 808 681 193 711 943 626 765 452 463 756 174 311 825 819 977 937 487 752 373 599 873 334 953 621 603 43 219 298 77 891 550 732 655
517 446 1 558 345 328 1 182 258 1 172 521 1 382 515 58 107 1 354 312 1 239 607 1 1 208 179 5 655 398
7 7
162 378 301 937 197 302 33
114 167 28 266 1 1 1
8 4
688 695 940 203 772 422 861 722
120691370 859702919 149760094 395025139
12 7
79 26 147 704 931 118 813 849 726 326 808 12
1 120 18 608 76 493 1
8 7
361 550 247 140 679 609 683 706
548 374 1 17 1 584 32
6 1
721 905 215 795 842 414
153
15 4
449 619 571 457 794 909 398 341 93 365 487 1 310 551 906
326 67 1 1
21 16
589 971 216 597 344 734 841 942 640 250 967 140 986 397 23 776 961 14 498 793 806
571883958 804504808 283656622 328492133 405822621 519711188 620608307 306747413 763335292 103290280 453027951 372575840 300801516 422600748 750805800 280745803
2 1
163 611
18
6 4
422 682 887 621 475 977
528467908 591343829 623166547 640977360
6 6
873 257 600 572 609 534
835 101 432 240 189 234
10 7
960 522 197 672 220 481 153 77 868 115
509 44 1 1 1 148 1
3 1
186 722 848
398
1 1
811
250
3 2
122 205 587
172075157 766965352
3 3
130 89 395
372708993 492289997 529969232
3 3
254 412 35
79 1 179
21 13
127 604 813 717 138 988 834 986 335 587 44 545 569 821 956 864 717 576 207 152 402
1 54 1 92 90 1 1 1 205 1 402 1 427
16 8
162 809 905 967 975 447 521 625 897 846 314 968 734 114 941 325
887 1 94 491 14 701 1 627
16 11
434 87 588 721 938 3 715 773 203 510 537 516 302 37 474 627
509 1 1 24 485 1 1 470 1 467 367
2 1
629 544
544
14 11
313 262 82 973 412 509 657 918 671 339 846 869 76 792
1 73 114 202 1 1 131 558 24 8 1
21 21
520 579 142 299 8 942 532 739 827 359 619 136 233 353 816 965 10 409 709 699 10
907916002 895253744 54851405 852581967 161499379 523516384 976878190 845486983 135291192 989928572 183922028 500697496 943514275 157578766 369009030 525270737 331260067 647166442 220461582 479217685 910310765
