53
15 7
690 624 646 444 217 997 922 337 659 460 992 706 905 970 274
991562336 961242824 223162785 429172717 323911759 79993197 359944033
3 1
585 223 419
427629533
1 1
189
1
2 2
765 463
436605420 629909707
27 3
441 676 372 429 920 282 907 307 542 655 772 835 493 927 432 997 672 135 132 149 617 364 629 57 41 980 63
928238167 530641277 126784489
8 7
649 990 352 109 410 323 910 504
308750670 566073855 676803537 208765923 884785980 60436960 845644760
21 19
698 880 725 868 451 59 838 154 128 237 214 840 262 752 531 661 497 238 394 268 814
413 1 1 1 1 233 99 85 638 58 307 661 1 308 1 1 153 1 1
9 8
388 59 798 761 768 112 638 851 456
623 1 411 1 1 1 105 43
6 1
231 570 754 336 244 962
44
21 18
737 334 155 439 909 79 216 553 138 500 663 907 676 487 649 906 683 354 575 964 224
555 632 1 107 1 160 111 1 455 356 41 669 1 99 1 1 649 652
18 12
90 639 153 445 715 165 596 501 760 837 206 456 111 383 31 352 685 821
16 254 400 21 174 97 302 154 1 4 1 1
13 1
520 267 788 68 477 334 155 230 600 425 355 599 250
200689036
13 6
887 515 995 89 431 742 606 260 817 657 818 674 107
108 1 1 1 53 976
12 5
263 864 994 908 559 731 296 409 353 328 742 79
81 437 233 131 19
20 2
776 141 531 315 177 193 405 979 424 241 374 552 622 756 887 342 957 187 786 385
201 108
20 15
851 339 299 464 552 619 674 426 446 430 292 262 566 572 461 441 429 384 727 144
394 547 255 227 1 118 138 490 461 99 181 85 1 1 426
15 7
827 165 60 492 527 830 165 665 736 179 310 833 924 119 472
240 419 1 1 94 650 80
29 21
454 877 706 279 237 601 87 787 778 18 254 842 897 76 683 268 806 569 624 806 180 63 178 611 367 99 902 671 951
471566962 637225970 704768539 385518353 14896395 27838621 232327561 996313389 320646847 719181002 116274446 200540101 482214667 899323454 278174818 784860640 234555580 388666908 505591952 127920598 681803616
2 2
490 637
436 43
1 1
372
364556457
61 46
144 646 405 309 598 143 503 966 263 258 601 717 224 341 603 881 827 119 340 519 63 382 631 754 543 708 868 597 576 720 294 93 407 783 958 594 641 283 436 700 245 969 900 397 756 115 683 633 169 274 660 405 153 674 959 193 884 394 876 901 718
895 1 1 495 1 1 505 22 1 842 1 1 352 99 1 1 1 335 349 1 182 1 1 1 453 646 1 112 1 45 1 525 461 1 317 542 320 1 1 252 252 1 632 1 1 1
1 1
440
715334195
14 7
54 373 480 611 601 902 650 665 720 842 221 565 351 185
118234261 45140815 463050721 79411127 717274544 915333981 425613934
9 2
867 105 212 704 629 930 703 498 938
895875710 223021610
20 6
352 681 183 853 271 793 561 635 98 561 310 578 311 964 544 467 920 618 884 478
135522502 180434223 140274907 993994189 126153987 649694017
14 6
708 192 609 649 871 866 525 423 809 97 307 731 85 443
1 1 26 387 61 617
10 2
488 494 928 489 836 833 20 180 143 263
942131500 56003372
11 11
460 571 700 818 646 726 727 430 142 53 432
755302065 232079038 638077903 212948630 242254602 925753439 486926620 32895415 983235222 386939026 93994338
18 2
965 904 955 587 340 870 565 103 464 413 110 746 114 116 567 914 535 349
395 1
17 8
819 552 406 290 726 956 409 666 110 840 107 200 232 642 188 35 368
889095353 146171486 385209579 993324184 766588396 894792243 435568783 904114372
53 1
335 125 536 177 960 771 460 244 995 681 965 414 968 805 441 64 22 608 566 576 484 43 591 842 395 624 271 740 276 596 991 493 206 14 390 181 698 408 196 443 235 90 1000 933 949 513 344 6 739 21 700 893 963
1
1 1
635
311
34 34
356 343 920 164 724 861 215 576 179 980 968 15 190 685 245 919 490 725 753 957 654 835 638 373 379 366 533 721 948 650 291 782 52 499
1 268 1 26 333 1 88 329 256 854 396 35 83 1 317 94 1 1 23 1 1 80 8 1 451 1 139 1 1 8 1 397 250 1
11 7
180 943 160 874 631 96 998 968 109 392 97
698339297 277741897 866760437 159699828 606558256 960116704 869266650
2 1
956 593
1
27 4
174 325 768 949 123 377 815 231 808 89 147 722 873 824 214 378 736 171 238 314 30 299 322 478 783 868 849
213357370 637367485 32457745 166789173
58 3
254 440 107 628 845 596 457 906 974 285 567 502 971 775 217 69 775 512 530 800 348 610 779 801 674 378 306 524 691 118 42 727 558 729 466 522 979 181 544 865 688 205 566 679 451 205 114 625 519 870 13 969 904 846 444 357 438 679
323 247 1
9 7
389 163 887 543 622 453 446 651 510
296622118 750059951 936653143 329425599 129410362 374810648 143413987
13 3
519 791 240 918 979 446 223 804 238 315 311 994 515
736627606 853349240 371275003
12 6
757 713 842 152 825 89 610 106 46 559 136 814
274486224 48999837 16189284 758466058 506979907 593169924
4 2
687 187 90 290
1 1
6 2
61 419 864 557 829 233
550449614 276588154
39 14
472 437 533 262 409 639 445 497 351 634 291 383 369 710 924 976 373 161 398 951 18 278 552 432 655 508 28 836 294 684 356 651 563 90 911 307 761 212 783
91 119 118 861 453 320 1 826 276 1 132 46 251 189
10 5
254 999 404 617 735 234 706 351 642 114
524 149 329 1 323
17 13
267 363 955 875 321 804 688 521 167 889 51 429 488 39 26 999 956
857727999 783787674 703709229 468798815 56018672 823853747 971703525 298753267 295876836 738532521 752334263 417845724 842638558
10 8
928 205 362 222 777 438 263 13 303 144
898414999 369380634 642450999 641701251 840481364 140061633 634025464 618298504
20 13
276 775 314 620 734 835 78 844 669 559 482 759 423 580 795 849 359 5 895 546
373 217 449 448 1 327 1 30 1 1 129 375 1
15 11
249 844 330 210 688 492 767 439 477 508 332 550 256 972 225
1 1 129 194 1 1 324 186 57 630 34
13 13
602 967 842 576 100 263 706 604 38 548 860 909 730
703 1 24 198 460 488 168 41 519 19 1 751 1
12 3
24 573 247 630 494 161 677 620 333 26 371 911
1 1 239
7 7
606 467 903 774 233 52 859
595 245 667 348 331 56 1
26 8
597 736 908 897 699 211 39 768 683 646 98 441 921 705 786 603 593 383 30 192 962 969 684 491 604 870
280 102 140 1 327 674 1 1
3 3
973 428 254
487039471 250673465 858027914
