30
4 3
727 38 653 211
372 172 1
27 6
604 643 282 245 743 479 728 19 275 172 400 558 955 667 35 404 109 260 516 896 401 959 10 399 443 841 997
285278480 190998267 52306375 139545412 207784200 525984070
2 2
132 189
696206253 164784645
24 13
427 619 671 620 910 727 133 132 563 928 950 253 813 764 435 23 589 54 708 661 393 285 571 239
1 127 91 1 205 34 66 1 324 330 1 124 677
3 2
440 604 716
1 65
44 44
92 974 354 490 418 996 306 684 801 653 729 255 272 737 457 644 995 492 181 732 183 334 71 649 557 824 240 889 482 378 929 168 292 459 673 888 571 913 416 810 413 736 968 192
8 201 106 48 36 1 191 1 1 1 124 341 1 136 1 418 1 34 371 1 1 99 231 279 1 1 540 145 199 1 683 28 686 159 891 1 1 1 1 1 644 152 639 468
32 17
455 796 700 330 779 513 614 483 449 991 141 658 303 817 784 580 856 853 984 946 175 190 729 699 500 454 341 47 158 958 521 315
776151095 272720802 159693046 57808557 708619041 745957458 516053193 704880969 826045188 780885377 521368468 585233576 739289061 222990993 950318093 888226756 500018673
6 6
289 781 813 304 105 193
102 626 92 1 1 379
39 30
130 810 367 955 525 764 934 802 276 470 254 423 151 58 955 812 712 777 23 461 978 34 221 255 854 569 105 518 98 328 604 960 225 454 477 551 710 533 481
778033691 838788128 912751750 613529456 112138528 538407756 756219727 373806030 59753366 540227923 366569588 357877833 369783526 562763088 956013021 707044881 459549737 705514192 140445502 149662854 251016080 97550662 216154310 880979814 460892317 608678057 187749387 120284655 138968903 197877839
11 1
275 757 474 76 50 325 447 390 270 286 479
306732878
12 7
745 833 24 370 120 220 151 356 980 234 658 4
257 100 70 608 8 117 55
59 59
495 923 232 55 757 699 261 395 296 974 248 474 42 15 336 404 64 545 188 520 403 713 455 841 549 596 556 326 645 675 703 696 875 704 267 517 508 877 442 480 467 400 714 150 630 237 56 912 124 482 445 884 467 890 70 99 286 370 863
1 471 664 1 331 1 411 456 17 1 247 215 12 218 53 1 1 1 51 435 317 157 523 15 122 1 164 47 1 1 504 341 224 102 1 51 1 135 645 60 597 329 205 145 1 180 60 882 212 302 63 128 1 12 1 264 1 214 21
34 22
104 942 103 397 7 126 585 589 467 647 313 496 915 129 141 124 99 998 998 138 832 309 886 842 290 519 197 664 68 399 195 997 71 589
612787581 440287929 638920208 606424000 338676050 929930102 194317918 485257704 80643664 218416734 660566240 295349006 399456237 843444217 809398472 629815519 620306468 979076122 708611513 647621531 596997840 169428975
3 3
964 674 419
566010481 50386147 506627971
58 4
980 905 815 416 403 768 367 734 124 702 222 860 663 477 895 909 600 625 793 332 260 826 523 525 103 921 72 107 33 138 496 651 228 197 900 735 689 335 500 179 136 817 472 820 472 506 653 705 587 97 119 746 837 68 935 982 798 944
284 1 728 64
152 66
609 251 874 11 387 821 359 959 770 751 619 476 115 137 410 564 260 744 750 768 403 655 265 676 815 425 179 172 477 338 685 677 478 185 117 352 778 457 266 696 210 165 774 772 255 662 934 257 663 639 143 265 429 566 297 192 333 940 835 352 933 674 843 937 628 275 767 243 764 770 615 591 549 456 740 675 171 854 850 356 736 374 44 866 108 885 989 114 398 499 992 324 954 487 990 508 994 692 728 556 644 153 315 304 101 633 78 974 23 620 646 88 120 869 91 195 95 707 403 699 307 841 1000 971 453 866 581 111 135 730 186 308 744 28 650 705 19 664 116 830 287 269 89 321 94 747 139 692 417 848 206 670
671622494 741366676 683832156 791929467 875149181 617349359 815156693 299117091 250109302 975583027 480987860 448816184 706585554 981704122 466426340 172146260 688175613 25858141 198616318 429050379 78693594 950157940 9774469 199110056 351695260 283164944 842778747 490147998 341463440 646320062 243229678 916399129 697808264 138611955 408887700 775272152 20921007 675598786 43991060 457871110 562530723 92182683 581278312 656964566 702038757 813431491 424999147 79844670 739166688 596799184 542073516 387549417 708238441 330839820 380070281 106918583 370215120 806782799 960934849 40499866 149169465 653821782 737579176 528841388 678473106 215117646
38 30
769 716 61 197 891 447 430 259 980 367 976 980 59 739 531 868 994 441 694 840 951 192 114 538 514 229 214 203 115 958 676 775 592 234 661 324 120 276
1 2 1 54 348 1 51 33 74 425 1 311 1 1 1 361 17 323 113 168 155 55 414 1 103 1 1 1 1 428
71 12
640 542 810 348 628 476 926 126 649 335 78 534 649 32 600 185 376 824 728 104 572 385 371 589 539 875 608 587 257 244 43 13 782 384 669 894 701 40 233 875 653 84 710 156 837 976 768 860 651 506 447 688 56 431 377 878 157 758 500 806 891 968 146 7 797 872 246 289 570 496 370
1 539 329 224 37 1 71 1 1 265 334 1
12 3
125 593 482 737 586 862 408 356 705 709 931 174
110627441 872296159 835708605
49 7
423 788 249 230 504 811 49 988 26 166 184 170 822 732 212 328 946 255 722 702 488 376 404 410 603 817 439 408 814 931 273 735 746 990 241 974 715 253 421 135 863 767 741 778 762 572 682 932 425
746907866 888859040 214167824 550219651 733444490 418087488 21579130
33 31
732 126 898 169 145 21 260 172 650 100 129 287 180 569 345 266 276 389 562 905 351 628 967 568 721 117 534 859 859 865 167 423 566
83 129 1 62 1 1 5 334 372 263 1 1 74 627 1 182 1 352 403 100 148 187 357 214 12 1 33 322 547 108 1
7 7
308 747 393 148 787 996 599
507258547 573950538 283963901 721156595 87475082 561687663 61685524
41 39
298 686 659 503 80 499 44 951 136 425 728 813 954 763 438 706 678 558 43 359 184 796 948 259 64 927 854 198 237 598 907 726 523 110 532 498 381 931 650 233 524
1 1 42 1 858 724 222 37 1 1 15 115 81 1 240 231 1 378 1 1 561 15 293 1 172 26 59 291 53 285 298 28 113 1 39 544 1 1 1
10 10
528 668 502 824 98 217 908 1000 312 372
1 1 1 1 1 11 551 64 126 1
23 6
150 460 482 188 475 893 966 776 528 712 989 804 595 131 57 673 670 774 954 662 375 891 446
872667548 184598749 247970555 784968596 726915615 916684837
13 9
946 377 919 21 156 149 288 951 418 791 884 141 137
239 371 1 1 1 1 82 1 148
64 29
769 727 733 681 463 832 606 532 344 11 257 105 984 698 399 453 928 890 704 638 699 881 634 880 191 531 489 919 637 204 362 913 449 289 307 367 219 779 319 531 811 156 860 513 724 189 137 470 460 785 720 342 51 436 547 282 24 930 156 640 242 68 469 544
387525133 821755132 813277238 659133303 73229115 530165157 168983055 504369374 441333282 864856012 473221653 133194936 994832370 30568590 564697326 444053076 775473514 956159648 258504645 358448206 597351601 335592699 759787245 128429967 539962213 826623209 355296174 402259578 566695676
4 2
922 948 323 984
270888376 958939494
9 3
984 764 734 616 577 204 801 824 571
889967555 231340723 697213413
24 13
32 265 767 283 686 431 828 671 587 257 801 385 203 252 53 157 921 295 938 528 812 947 985 185
1 294 497 44 105 1 74 144 418 1 1 64 1
