38
23 13
105 592 86 520 658 519 526 834 282 572 170 45 524 419 102 843 29 961 716 579 760 399 577
460831149 523983443 108841185 876677917 626206886 437872459 300751098 383038916 680715427 806679685 374959305 215189924 559252293
23 3
978 211 589 780 634 43 730 903 214 764 999 187 449 15 878 592 847 767 205 1 300 601 401
46069189 436529686 404361158
8 3
539 12 151 718 17 794 646 211
574 198 2
6 2
103 600 146 825 627 729
1 1
1 1
543
37
27 1
542 578 986 954 130 906 892 787 633 133 423 86 822 770 871 816 230 745 189 823 41 704 751 250 356 782 825
363
35 2
787 791 874 607 914 67 388 940 554 269 683 313 915 768 404 799 263 241 975 998 96 887 293 288 547 387 302 839 661 216 923 692 239 306 868
625 460
6 4
58 844 383 985 976 761
316929102 589917403 499158673 928671727
3 3
143 121 537
1 35 1
41 25
300 868 358 274 144 224 356 596 544 449 297 508 428 815 441 131 498 435 65 743 633 577 137 9 500 952 833 546 955 869 912 416 870 81 352 461 802 930 755 81 941
958948639 461647120 143343663 462550192 600433228 640826705 775194180 779468656 925348946 644448186 322694213 457846380 950709795 708363589 148499836 200887299 969465580 487001095 92983835 395052911 359220275 753536586 682838433 934222894 123598962
16 13
972 802 965 466 751 263 331 748 231 281 861 46 401 448 815 390
1 252 739 397 506 94 736 31 109 325 653 1 197
24 6
583 445 806 906 166 655 252 23 407 450 286 156 764 111 284 60 235 858 778 76 863 334 318 465
1 42 68 392 711 225
17 12
908 484 245 650 181 447 944 661 3 424 896 189 748 670 990 537 618
686092258 348679869 698773204 784242777 4074454 146326133 456253448 551970533 968865630 375285801 229767469 218546738
20 13
742 490 99 337 430 669 786 292 538 94 587 622 704 271 80 916 914 472 962 354
306 24 509 348 128 1 37 305 1 134 44 719 1
43 21
255 413 14 96 172 93 47 698 537 223 865 834 142 750 356 684 790 300 198 923 294 324 30 482 457 45 160 512 963 938 576 2 143 335 141 213 517 794 337 819 157 321 416
13 1 1 1 329 370 1 304 1 317 150 6 217 1 1 188 329 1 265 83 159
57 16
611 809 547 572 699 272 146 386 351 577 485 918 353 697 364 765 269 371 673 207 39 311 733 557 117 314 328 48 368 917 771 186 617 988 987 72 457 898 884 240 898 211 560 609 405 871 92 923 602 875 801 487 456 646 432 991 86
280 1 1 131 1 235 1 1 478 134 1 44 396 581 123 251
18 3
158 276 835 110 82 795 248 380 46 225 571 96 17 338 418 781 126 838
590526046 50532061 691715429
3 3
839 524 864
864309622 280134853 512780431
27 24
420 449 499 72 183 589 917 612 87 173 428 500 859 392 276 407 120 592 356 377 508 759 273 533 752 363 169
1 30 33 532 76 1 131 376 186 101 75 220 316 27 1 1 1 291 80 377 1 364 127 33
3 3
594 86 358
64 353 1
14 2
148 892 4 546 496 455 612 668 159 551 251 995 894 534
713246365 448702484
21 10
148 666 989 663 624 716 243 351 191 44 45 68 47 886 833 106 527 206 440 960 732
581558900 690279800 278799960 912507596 426158081 710603569 950276752 971553480 702701923 225300041
8 5
679 791 727 177 326 714 24 920
647809247 415212228 743573029 521647638 131025062
3 2
101 95 908
36 80
5 3
769 856 57 206 40
235048352 678898784 929489566
33 5
341 436 507 915 6 507 416 445 659 454 741 913 56 143 616 238 162 91 636 826 159 85 336 614 141 485 38 281 537 661 265 509 872
3 384 1 2 81
16 8
550 710 523 456 881 354 435 263 565 165 658 542 194 176 242 256
1 101 429 14 44 213 336 1
117 58
918 520 79 562 804 388 833 59 407 87 479 93 134 681 838 372 492 860 428 376 271 907 139 816 85 654 316 38 858 230 355 184 328 178 388 115 483 580 590 799 277 82 299 865 927 919 223 275 561 941 383 973 360 189 993 180 84 137 646 609 88 679 137 17 666 820 309 246 42 247 639 52 757 597 302 430 617 735 195 632 802 796 854 353 644 893 908 109 427 716 902 804 629 797 36 825 388 274 29 336 842 10 956 830 348 633 760 976 890 788 258 493 894 369 130 879 32
71 625 19 1 149 1 568 1 1 8 145 1 198 1 531 1 1 1 126 22 1 97 341 125 4 1 1 177 281 48 98 131 380 271 1 57 146 80 1 1 1 1 557 1 298 413 566 691 733 26 262 31 125 1 1 1 769 335
19 12
276 691 196 399 843 896 319 649 243 984 17 960 684 104 651 854 203 448 155
787773738 440007023 158585874 328050087 620670192 917959630 794860563 826563411 797378344 698064082 398794450 847814976
4 2
119 894 863 653
211889205 349032342
5 2
791 264 228 981 117
92495564 829777346
15 1
411 537 293 704 340 965 106 175 162 901 868 817 495 302 933
15166430
24 10
738 97 226 177 516 237 714 479 703 526 879 325 689 712 309 827 610 594 544 22 34 391 871 433
1 267 315 704 491 604 204 13 87 1
13 11
179 402 600 782 721 37 5 343 968 367 647 52 581
932631857 652021383 314755661 493380899 735199950 466281882 933243185 829559582 94108091 254883071 201998337
7 7
522 214 256 822 118 536 359
405107184 926270938 484674923 527481208 524621284 676088855 721980603
6 2
310 621 163 554 36 985
432351493 280347957
4 3
541 314 314 347
280 103 89
1 1
513
672096333
