57
9 9
406 959 147 502 657 18 961 274 464
298 642 1 104 1 99 9 344 1
5 1
504 256 801 896 826
1
11 5
673 645 284 40 186 610 54 58 515 263 566
387 515 41 312 1
2 1
742 494
377
1 1
123
1
2 1
13 967
1
2 1
859 482
164166403
6 3
269 415 679 222 191 302
1 239 107
13 7
885 985 748 477 195 363 990 318 323 545 994 375 128
70 260 1 296 51 231 1
5 1
174 5 170 774 839
140
8 3
469 361 537 560 836 379 797 702
663448680 756033133 442270520
9 6
980 374 225 276 183 479 535 854 925
1 122 31 139 1 391
2 1
921 821
832940294
1 1
106
532630244
2 1
74 175
959531816
7 4
67 465 653 575 722 3 737
56 408 1 426
3 2
146 868 433
411 1
7 3
916 899 538 721 566 364 995
749066028 705297604 58553341
4 2
955 896 599 138
479551684 590121545
3 1
363 489 274
436009013
1 1
829
617
7 6
505 854 385 881 398 567 286
205 486 1 414 1 158
12 9
986 201 557 125 326 425 382 882 469 261 914 552
703601095 916152613 434855859 389015146 433600876 696522804 549355393 550516129 881905697
3 1
709 343 412
136989343
12 3
79 636 295 738 659 644 856 129 559 511 500 403
418499836 813404057 887541847
5 4
626 893 741 925 758
174029816 526916516 357860135 63513994
2 2
526 943
933 229
1 1
723
458
5 1
710 590 796 103 901
529
2 2
842 738
333 381
2 1
355 963
1
11 10
333 789 267 747 269 382 871 237 682 364 642
1 1 626 86 111 287 1 314 138 669
1 1
832
1
13 13
557 776 713 250 799 184 513 424 42 618 776 193 562
674892543 477675989 351060220 2687463 156727252 869447175 837465814 150604615 369096936 728259522 565667853 610015685 177472411
3 2
197 490 415
156 209
12 9
277 977 749 725 139 557 371 915 129 861 18 217
283121602 914405698 299113548 331226000 68996251 108628882 650413171 225717805 485196209
11 8
565 908 926 731 250 32 571 324 737 391 519
442250684 390230234 205930181 598454665 283974672 693907357 333318720 905002390
4 2
924 918 468 228
1 378
3 1
827 577 650
995685423
1 1
909
138158180
7 1
226 841 446 45 365 855 903
90155136
5 5
62 936 452 438 30
281875382 286422050 860869541 816493146 690477144
15 7
973 212 179 802 304 867 784 649 700 610 378 432 510 925 361
203 1 472 45 147 647 225
8 2
548 43 962 686 929 413 439 672
257 921
6 5
649 387 944 309 668 242
599953944 859155435 530093159 308736479 560696564
12 8
615 249 975 914 774 172 930 929 629 555 175 958
222 730 146 52 441 593 472 339
6 1
353 93 468 842 641 318
859243599
7 2
828 494 815 249 399 855 76
128874098 314777091
3 1
571 699 484
155
1 1
14
5
2 2
168 260
170818566 220580532
1 1
7
6
1 1
33
19
1 1
149
839006841
1 1
461
325728480
18 17
273 126 962 938 6 624 211 91 754 376 494 143 393 806 660 239 720 843
86 119 1 302 91 33 133 1 383 60 556 457 323 605 1 1 345
2 2
889 256
967737586 603261695
