114
39 35 22
1 14
1 24
3 35
4 20
4 33
6 21
6 27
6 13
7 19
8 20
8 25
10 17
12 36
12 13
12 39
13 29
13 21
14 35
14 26
14 29
15 33
16 26
16 36
17 35
18 19
22 23
24 27
24 39
26 38
26 36
26 39
28 36
31 39
33 39
34 39
2 13
3 23
3 36
4 25
7 35
8 23
11 28
12 38
14 36
14 39
16 36
16 19
17 27
20 23
22 35
25 35
25 27
28 37
28 34
29 34
32 38
34 39
77 134 118
1 49
1 70
1 75
1 38
2 16
3 38
3 25
3 71
3 69
3 5
3 23
3 36
4 76
4 73
5 75
5 44
5 6
5 63
6 40
7 58
7 42
8 61
8 44
9 24
9 52
9 36
10 55
10 65
10 22
10 27
10 38
11 45
11 69
11 71
12 43
12 42
12 39
12 49
12 72
13 34
13 54
13 16
13 47
13 52
14 61
14 63
14 45
14 34
14 71
15 49
16 73
16 59
17 34
17 55
17 27
17 39
18 48
18 29
18 26
18 38
18 69
19 22
19 45
19 68
20 39
20 46
20 63
20 54
20 72
21 47
21 51
22 34
22 28
24 66
25 60
26 76
26 60
26 34
26 27
26 68
27 60
27 56
27 43
28 67
28 72
29 70
29 57
29 65
29 32
31 69
32 36
32 51
33 57
33 66
34 60
34 57
34 73
35 45
36 69
37 54
37 49
37 69
38 45
39 50
39 67
41 73
41 59
42 63
42 45
44 67
44 73
45 67
45 76
45 52
45 74
46 69
46 73
47 57
47 48
48 61
53 73
53 72
54 59
55 68
55 72
56 59
58 63
59 65
60 72
62 68
66 72
72 76
72 77
74 76
1 26
2 20
2 17
2 37
2 77
2 71
3 9
3 71
3 7
4 59
4 39
4 48
4 66
5 45
5 50
5 44
5 70
5 37
5 8
5 65
5 64
6 74
7 66
7 10
7 26
7 40
8 63
8 77
8 19
8 48
9 44
9 15
10 19
10 69
11 45
11 20
11 46
11 47
12 54
12 23
12 16
12 68
12 60
13 15
13 32
13 30
14 77
14 73
15 24
15 43
15 27
15 72
15 63
16 49
16 65
16 74
16 44
17 55
18 27
18 46
18 64
18 22
19 60
19 40
19 43
20 47
21 48
23 65
24 52
24 71
24 37
24 61
26 52
27 64
27 76
29 69
29 40
29 55
29 54
29 53
30 71
30 76
30 36
30 72
32 34
33 75
33 46
35 73
35 50
35 40
36 45
37 73
38 42
40 51
40 41
42 59
43 75
43 49
45 56
46 67
47 65
48 54
48 76
48 68
49 54
50 72
57 73
58 72
59 70
59 67
61 74
62 73
64 77
67 75
68 70
68 69
70 77
71 72
98 105 87
2 65
2 74
2 49
2 85
3 77
3 15
3 23
3 22
4 92
4 42
4 75
7 30
7 82
7 61
7 81
8 90
10 54
10 52
10 11
10 55
12 20
12 61
12 15
12 65
13 57
13 52
14 88
14 77
15 34
15 73
16 84
16 23
16 63
17 91
17 62
18 48
18 66
18 36
19 71
19 87
20 52
20 93
21 59
21 60
22 54
22 50
23 86
23 89
23 49
25 55
26 64
26 52
26 41
26 83
27 75
29 96
33 74
33 98
33 89
35 61
36 47
36 40
36 60
36 65
37 88
38 53
38 77
39 85
40 67
42 52
43 49
44 83
45 94
46 80
47 55
47 78
50 62
51 56
51 74
52 79
53 55
55 96
55 72
56 98
57 71
57 86
60 64
60 97
61 88
61 73
62 78
62 86
63 72
64 76
64 73
67 77
68 93
71 79
72 94
76 86
77 84
80 97
80 90
80 81
83 95
1 26
1 20
1 90
2 75
2 76
2 11
3 97
3 8
3 59
3 35
3 76
4 9
4 24
5 33
5 34
8 42
8 57
8 25
8 34
9 57
9 55
11 56
11 57
12 96
14 86
16 91
16 96
18 78
19 37
21 26
22 94
22 85
23 90
24 38
24 51
25 26
25 69
26 91
28 97
28 56
28 76
29 31
29 57
29 53
30 78
30 33
32 39
33 38
33 37
33 60
35 44
36 48
37 98
37 57
38 72
39 62
39 47
44 61
44 94
45 56
45 65
45 51
45 60
48 88
49 56
50 94
50 62
52 89
53 61
53 68
54 63
55 87
55 77
56 84
57 81
58 72
61 82
61 70
62 66
64 90
65 98
67 89
77 81
79 98
86 97
88 91
90 93
19 16 9
2 6
2 13
3 4
4 18
4 5
4 11
4 16
5 7
5 8
6 7
6 16
8 17
9 18
9 15
11 15
14 17
2 10
3 5
4 5
5 12
5 16
5 19
7 17
7 15
13 15
26 28 49
2 19
2 21
2 26
4 10
4 9
4 22
5 23
5 13
5 22
6 11
8 15
8 21
9 26
9 22
10 21
10 20
10 18
11 24
11 25
12 18
14 15
15 22
15 23
16 20
19 21
20 23
20 25
21 22
1 5
1 15
1 21
1 20
1 11
2 3
2 17
2 25
2 8
3 23
4 10
4 24
4 20
5 11
5 20
5 17
6 10
6 23
6 18
7 19
7 15
7 8
7 9
8 10
8 9
8 15
9 11
9 19
10 20
10 26
11 15
11 17
11 18
13 24
13 21
14 25
14 21
14 22
15 21
15 18
15 22
15 19
15 20
17 24
17 22
17 20
22 23
24 25
25 26
53 50 38
1 21
1 38
2 26
3 6
3 23
3 27
4 28
4 33
5 19
6 29
6 31
7 49
9 52
9 43
10 15
11 33
11 20
11 30
11 22
11 15
12 30
13 14
13 26
14 28
14 46
15 41
16 50
16 38
17 29
17 37
18 36
20 29
20 40
20 26
21 31
21 32
22 44
23 28
23 51
27 46
29 52
30 51
34 51
37 49
37 47
38 46
44 48
45 52
46 49
48 51
1 41
1 18
2 43
3 14
3 19
4 20
4 44
4 26
5 49
6 52
7 45
7 22
7 40
7 49
7 53
8 50
8 23
9 44
9 13
10 39
10 52
13 38
13 41
14 32
16 19
17 24
18 51
18 32
19 39
22 48
23 31
30 34
31 40
31 51
33 52
33 45
35 48
36 51
43 41 60
1 33
1 29
1 35
3 4
3 27
4 10
4 29
5 42
5 37
6 24
7 38
8 16
9 26
11 29
11 25
11 32
12 19
14 33
15 26
18 20
19 22
19 24
19 21
20 23
21 29
21 25
22 40
22 26
22 33
23 30
23 41
23 40
24 35
24 31
24 33
26 40
31 33
35 41
36 39
40 42
41 42
2 33
2 20
2 9
3 5
4 19
5 34
5 11
5 22
5 25
5 17
6 19
6 16
6 28
7 17
7 19
7 9
8 13
8 11
8 20
8 42
9 36
9 29
10 30
11 32
12 32
12 42
12 36
13 14
13 30
13 41
14 16
14 18
16 40
17 23
18 25
18 35
18 41
19 31
19 22
20 39
20 32
20 23
22 43
23 30
23 26
24 40
24 37
24 28
24 38
25 29
25 31
25 39
26 34
27 39
27 42
32 37
35 43
39 41
40 43
42 43
79 137 96
1 76
1 50
1 45
1 77
1 74
2 56
3 5
3 22
4 42
4 5
5 13
5 73
5 11
6 30
7 50
7 45
7 35
7 24
7 34
7 36
8 70
8 48
8 36
8 37
8 32
9 63
9 22
9 55
10 36
10 50
10 17
10 77
11 24
11 61
11 43
11 78
11 67
11 60
12 35
12 54
13 79
13 24
14 65
15 47
15 41
16 34
16 47
16 67
16 74
17 33
18 49
18 67
19 73
19 24
19 71
19 22
19 55
20 48
20 21
21 51
21 34
22 47
22 33
22 54
23 30
24 26
24 74
25 77
25 59
26 60
26 71
27 54
27 71
28 30
28 70
28 68
28 54
28 52
28 72
28 63
28 66
29 57
30 48
30 69
30 79
30 54
30 63
31 61
31 56
31 57
31 74
33 68
34 39
35 57
35 76
36 72
36 56
37 60
38 60
38 52
38 62
39 79
40 65
40 62
42 55
44 74
44 62
45 76
45 74
45 77
45 64
45 51
45 58
46 65
47 70
48 73
49 60
50 72
51 69
52 75
52 71
52 62
52 63
53 76
53 71
53 60
54 66
56 63
57 58
57 61
61 68
61 64
62 79
64 67
64 68
66 78
71 76
1 73
1 53
2 12
2 66
2 15
2 29
3 40
3 18
4 61
4 29
5 26
6 16
7 29
7 12
8 15
8 68
9 44
9 16
10 65
11 20
11 38
11 61
12 56
12 46
13 44
14 30
14 28
16 53
18 44
18 29
18 79
19 42
19 31
20 70
20 43
20 52
21 74
22 73
23 48
23 67
23 30
24 49
25 45
25 79
25 43
27 62
27 74
28 31
28 58
28 70
28 34
29 50
30 40
31 67
31 56
31 76
32 64
33 49
34 68
35 52
35 55
35 73
35 38
35 48
37 76
37 48
37 38
38 44
38 71
38 75
38 43
41 46
41 65
43 69
45 64
45 58
46 79
47 62
50 78
51 72
53 55
53 76
53 73
54 57
55 76
57 59
59 74
60 70
60 68
63 64
64 79
66 73
69 77
75 78
76 77
76 78
62 53 95
1 26
1 12
1 13
2 55
2 26
2 17
3 19
5 26
5 37
5 50
6 43
8 30
8 50
10 28
11 20
11 40
12 56
12 29
12 51
13 21
14 19
15 58
15 24
15 51
16 60
16 51
18 25
21 43
21 47
22 41
22 45
24 51
25 50
25 42
26 42
26 59
28 56
29 51
29 42
29 46
30 56
31 54
34 50
34 49
35 41
36 44
36 43
39 61
41 43
43 46
45 55
49 61
53 60
1 8
2 25
3 32
3 48
3 4
3 6
3 61
4 57
4 17
5 31
6 40
6 24
6 54
6 18
7 12
7 42
7 50
7 47
7 14
8 42
8 31
9 20
9 16
10 55
10 14
11 24
11 19
11 62
12 50
13 34
13 29
13 59
13 56
14 42
14 36
15 44
15 39
15 23
16 18
16 43
17 40
17 60
17 33
17 23
17 42
18 62
18 28
18 38
19 60
20 27
20 62
21 50
22 40
22 54
22 31
23 31
23 56
23 33
23 30
24 30
24 61
25 47
25 34
25 55
26 57
27 37
28 51
28 54
29 37
30 31
30 55
31 46
31 32
34 58
34 50
34 53
35 42
36 49
37 40
38 47
39 45
41 58
43 61
44 45
45 62
46 59
47 62
47 57
47 50
48 49
48 59
50 52
51 57
51 54
54 56
17 18 17
1 11
1 2
1 7
2 8
3 17
3 6
3 10
4 9
4 15
4 7
7 8
8 17
8 15
8 12
9 10
10 16
10 13
11 12
1 15
2 9
3 4
4 13
4 12
4 9
5 9
5 6
6 14
7 16
8 12
8 10
9 17
12 17
13 16
14 15
15 16
95 75 130
1 63
1 84
2 61
3 70
4 22
4 69
5 67
5 34
5 80
6 61
7 18
7 26
8 85
9 82
10 15
10 70
11 40
13 31
13 92
14 73
16 54
16 21
16 86
16 39
17 85
19 41
21 64
22 28
22 35
22 76
22 52
23 62
24 30
24 88
24 79
25 93
26 38
26 92
27 60
29 67
29 88
30 40
31 60
33 42
33 94
34 64
35 95
36 41
37 74
37 44
41 66
42 80
43 90
44 65
45 83
45 64
47 80
47 69
48 62
50 70
51 58
53 76
53 62
55 67
55 72
55 94
56 94
59 68
61 90
63 67
63 71
68 92
69 70
85 88
89 90
1 64
1 5
1 45
1 34
2 26
2 29
3 82
3 90
4 94
5 81
5 50
5 20
6 54
6 10
6 9
6 33
6 19
6 50
7 74
8 27
8 90
8 65
8 85
9 30
9 78
10 62
10 27
10 90
10 23
10 77
11 58
11 80
12 35
13 68
13 19
13 32
13 71
15 74
15 65
15 29
15 45
15 17
16 50
17 33
18 95
18 58
18 21
18 24
20 73
20 92
21 65
21 90
21 28
22 94
23 47
24 64
24 72
25 32
25 66
25 58
26 60
27 49
28 66
29 68
30 64
30 32
31 45
31 88
31 52
31 86
32 82
32 71
33 51
34 91
35 91
35 55
35 72
36 57
36 84
36 86
37 50
39 71
39 86
40 72
41 54
41 85
42 63
42 87
44 48
44 83
44 68
45 69
45 57
48 94
48 90
48 93
49 80
49 91
50 81
50 73
51 87
51 52
53 90
54 94
55 79
56 58
60 79
60 63
60 89
61 67
61 64
61 91
64 94
65 74
69 71
69 82
69 70
70 90
70 78
71 86
71 75
72 93
74 91
74 80
83 94
86 87
87 92
88 92
90 95
93 95
92 143 108
1 22
1 79
2 3
2 22
2 41
2 13
3 50
3 5
4 38
4 34
4 79
4 32
5 40
5 35
5 27
5 62
5 36
6 19
7 46
7 28
8 32
9 37
9 79
10 20
10 19
10 86
10 11
10 38
11 85
11 68
11 65
11 73
11 66
12 19
12 69
12 23
13 83
13 40
14 52
14 53
15 57
15 72
15 43
15 92
15 18
16 91
16 22
18 30
18 76
20 26
20 48
20 34
21 89
22 46
22 41
22 64
22 92
22 67
23 58
23 91
24 75
24 36
24 40
25 39
26 34
26 82
27 73
27 76
27 81
27 87
28 91
28 56
28 87
29 58
30 55
30 79
30 75
30 84
31 50
32 47
32 85
33 78
33 58
33 52
34 40
34 89
35 64
36 47
37 67
37 62
38 48
38 69
40 59
41 48
41 51
43 48
45 59
45 67
45 49
46 87
46 65
47 63
48 83
48 78
49 80
49 51
49 56
51 87
51 55
51 59
52 85
52 55
52 60
54 58
55 58
57 77
57 81
58 79
58 81
60 67
60 66
61 86
61 85
63 85
64 74
65 71
65 91
68 83
68 91
68 82
69 72
69 86
71 73
73 76
73 81
74 82
78 90
78 88
79 84
80 86
81 85
82 86
89 90
1 36
1 29
2 59
2 3
3 33
4 20
5 67
5 63
6 38
7 85
7 64
7 37
8 82
8 88
8 18
8 74
8 65
9 47
10 65
10 35
10 38
11 32
11 80
11 56
11 67
13 15
13 34
13 14
13 85
14 15
15 70
17 48
18 36
18 88
18 71
19 90
19 31
20 22
21 25
21 48
22 47
22 90
22 81
23 57
23 77
23 26
24 88
24 46
24 34
24 65
25 38
25 59
25 30
26 78
26 35
27 59
30 45
30 41
32 74
33 47
34 43
35 84
35 74
35 75
35 69
36 88
36 90
36 44
37 82
37 48
37 52
38 44
38 78
39 85
40 91
42 85
43 79
44 49
44 56
44 71
46 47
47 57
47 61
47 81
48 86
49 65
49 58
50 71
50 68
51 68
53 68
53 84
56 60
57 59
60 77
61 73
62 63
63 78
64 84
65 71
66 76
69 92
70 91
71 74
73 76
75 77
83 87
86 87
100 200 71
1 6
1 99
1 47
1 86
2 12
2 30
2 24
2 13
2 48
2 86
2 82
2 35
3 81
3 12
3 33
4 58
4 67
4 72
5 100
5 43
5 18
5 97
5 24
6 12
6 96
6 84
6 28
7 13
7 8
7 11
7 30
7 24
8 10
8 26
8 53
8 65
8 43
8 89
9 29
9 18
9 16
9 43
9 56
9 35
9 22
9 83
10 68
10 30
10 57
10 52
11 64
12 79
12 17
12 41
13 29
14 63
14 93
14 85
15 84
15 37
15 61
16 77
16 94
16 85
16 29
16 33
16 62
16 78
18 28
18 54
18 40
18 74
19 43
19 31
19 95
19 34
19 65
20 60
20 76
20 22
20 91
20 50
20 44
20 40
20 31
21 32
22 60
22 53
23 33
23 47
23 99
23 41
24 79
24 55
25 62
25 39
25 34
25 69
25 55
26 47
26 85
26 72
27 45
27 34
27 29
29 64
29 86
29 46
29 35
30 80
30 74
31 54
31 43
32 44
32 43
33 67
33 59
34 95
34 72
34 93
35 94
35 41
35 78
36 74
36 84
37 62
37 75
37 65
37 100
38 63
38 92
39 95
40 77
41 87
41 84
41 47
41 93
42 97
43 90
44 58
44 49
44 65
44 100
44 52
45 48
45 100
45 52
45 47
45 78
45 77
46 82
48 94
48 87
48 55
49 57
50 72
52 99
52 96
52 90
52 62
53 89
54 64
55 72
56 99
56 91
57 86
57 87
57 97
58 75
59 92
59 85
59 72
60 80
62 98
62 95
63 84
64 100
65 89
67 78
67 89
67 73
69 98
69 96
71 93
72 82
72 85
72 79
74 98
74 89
75 90
77 84
78 81
79 94
80 90
80 97
80 98
84 92
87 100
89 94
93 96
2 92
2 70
2 53
2 59
4 13
6 83
6 11
6 64
6 53
8 48
8 22
11 71
12 59
12 78
12 21
13 60
13 76
13 17
14 26
14 63
15 97
15 28
16 29
17 42
18 21
19 93
19 57
20 26
20 59
21 99
22 34
25 45
27 51
27 64
28 94
28 71
28 32
29 36
29 31
29 87
30 72
30 59
30 65
33 93
34 91
34 58
36 68
38 67
40 97
41 53
43 84
43 57
44 78
44 61
54 55
54 69
60 99
65 92
66 94
68 100
68 77
69 86
71 89
71 91
72 88
73 95
76 89
76 95
81 94
83 87
85 91
39 35 61
1 34
1 8
1 30
1 20
2 9
2 35
2 5
3 35
3 28
4 25
6 37
9 12
9 13
10 18
10 32
10 37
10 26
10 11
11 20
12 21
13 39
13 24
14 25
15 18
16 22
16 35
16 32
18 27
18 22
20 21
20 29
21 26
22 36
26 27
34 35
1 10
1 30
1 24
1 15
1 34
2 32
2 8
3 32
3 20
3 33
3 39
3 28
3 5
3 13
3 24
4 26
4 33
5 23
5 19
5 14
5 24
5 25
5 38
5 11
6 36
6 7
6 39
7 24
7 36
8 37
8 22
8 13
9 27
10 22
10 17
11 17
11 29
11 25
12 18
12 20
12 38
12 30
12 25
13 36
14 29
15 39
15 21
16 27
17 22
17 19
19 25
20 26
20 28
21 38
23 25
26 28
28 36
31 39
31 36
32 36
38 39
33 33 41
2 9
4 33
4 29
4 31
5 11
6 29
6 13
6 25
6 32
7 27
7 10
7 9
8 28
9 12
9 19
9 10
9 14
9 15
10 13
11 32
12 21
12 33
13 28
13 25
13 22
14 16
16 28
17 20
18 22
22 26
23 31
25 26
28 32
1 16
1 8
2 15
2 18
2 22
3 19
3 6
4 12
5 10
5 27
5 16
6 30
6 10
6 19
6 21
7 25
7 26
7 19
8 25
8 10
9 22
9 24
9 16
10 24
12 33
13 23
14 15
15 30
16 20
16 33
18 30
18 20
18 24
21 25
21 31
22 31
22 24
24 33
26 28
27 28
29 32
54 46 79
1 33
3 21
3 17
4 41
5 11
5 10
5 36
6 51
6 30
6 36
7 44
7 20
9 30
10 47
10 21
11 32
11 16
11 31
11 12
12 32
12 38
12 48
13 53
13 38
13 31
14 19
14 43
17 25
20 51
22 33
22 50
23 29
24 49
25 40
26 31
29 35
29 43
29 52
29 42
30 45
30 31
31 33
32 38
40 50
45 50
48 52
1 54
1 19
1 17
1 18
2 20
2 35
2 52
2 27
3 33
3 35
4 9
5 28
5 19
5 37
6 33
6 15
6 40
6 37
7 37
7 29
8 27
8 54
8 42
10 32
10 36
10 15
11 13
11 24
11 25
13 46
13 39
13 44
13 54
13 51
14 52
15 41
15 44
15 47
16 20
16 52
16 33
16 29
16 48
17 46
17 20
17 37
17 41
18 37
19 33
20 50
20 47
20 23
20 35
21 46
22 40
22 25
23 52
23 24
23 31
24 33
25 36
26 48
26 31
28 40
30 42
36 43
36 42
36 48
37 51
38 49
38 46
39 44
39 43
41 50
41 51
46 52
47 50
47 51
48 52
52 53 68
1 39
1 50
1 27
2 9
2 28
3 36
3 10
3 22
4 28
5 25
7 14
7 19
8 35
9 26
9 46
9 18
10 31
11 34
11 46
13 30
13 51
14 44
16 28
16 25
17 48
18 42
19 42
19 25
21 30
21 29
22 36
22 23
22 47
23 30
23 43
24 35
24 34
25 35
26 42
26 50
28 30
29 43
29 50
31 47
32 51
32 42
34 39
34 47
35 52
39 50
40 49
41 46
43 44
1 46
1 7
1 38
2 50
2 47
3 52
3 26
3 37
4 13
4 39
4 23
5 43
5 18
5 10
7 46
9 29
10 34
10 24
10 39
10 23
10 31
11 45
12 50
12 45
12 33
12 29
13 28
13 18
14 27
15 26
16 17
16 22
18 38
18 27
18 34
19 42
19 21
20 22
20 33
21 34
21 45
22 47
23 25
23 31
24 35
24 28
25 28
26 41
26 28
27 36
27 50
27 43
28 37
28 30
31 38
32 38
32 42
32 43
33 40
33 39
36 42
37 47
38 39
38 44
39 45
41 46
44 45
47 49
25 43 49
1 15
1 4
2 16
2 9
2 8
3 15
3 21
4 7
4 20
4 19
4 22
4 10
4 25
4 8
4 6
5 9
5 20
6 10
6 25
6 20
7 8
7 17
7 22
7 16
7 18
9 20
9 15
10 11
10 20
10 12
11 16
11 12
12 25
12 13
13 21
13 18
13 25
15 18
15 19
15 16
16 25
16 20
19 20
1 21
2 18
3 16
3 20
3 17
3 23
3 13
3 22
4 5
4 6
4 13
4 25
4 23
5 18
5 15
5 22
5 25
6 11
6 9
6 19
7 18
7 22
7 24
8 17
8 20
8 11
8 15
8 24
8 9
9 21
9 18
9 24
9 25
10 17
10 11
11 12
11 15
11 19
11 20
12 14
12 18
13 16
14 22
15 17
15 19
17 18
19 20
20 21
21 22
51 55 81
1 35
1 14
1 40
1 34
1 9
1 37
1 30
3 37
3 49
3 17
3 48
4 36
4 42
5 34
5 11
6 40
6 20
7 17
7 45
7 15
9 50
9 19
10 16
10 30
11 14
11 37
12 49
12 41
12 45
15 32
15 43
15 46
16 35
16 51
18 41
18 43
19 30
21 29
21 34
24 39
25 47
25 42
26 35
27 32
28 46
28 48
30 48
31 38
32 38
32 50
33 40
33 41
35 37
38 50
45 48
1 27
1 2
2 38
2 4
3 27
3 50
4 13
4 9
4 45
4 33
4 10
4 17
5 47
5 16
5 9
5 24
6 44
6 29
7 44
7 49
7 10
7 42
7 15
7 45
8 46
8 34
8 18
8 40
9 26
9 43
9 18
10 30
10 11
10 16
10 40
11 40
11 34
11 45
11 49
12 40
13 29
13 48
13 49
14 39
15 51
16 25
16 38
17 44
19 20
20 43
20 49
20 29
21 37
21 50
21 33
21 51
21 35
23 33
25 32
25 46
26 34
27 38
28 38
30 34
30 46
30 36
31 44
31 42
32 50
32 34
33 41
34 46
34 41
36 50
37 48
37 43
37 40
38 50
39 51
40 47
40 48
81 150 146
1 34
1 10
1 79
2 20
2 44
2 39
3 18
3 37
3 74
3 40
4 43
4 38
4 26
4 78
4 65
5 20
5 19
6 7
6 67
6 71
6 63
7 68
7 81
8 44
8 75
8 54
8 49
9 38
9 46
10 36
10 79
10 29
10 46
11 27
11 32
12 24
12 79
12 14
13 74
14 79
14 72
14 38
14 63
14 59
15 29
16 37
16 79
16 70
17 63
17 26
17 71
18 65
18 35
19 78
19 38
19 27
19 45
20 23
20 56
20 55
21 55
22 46
22 23
22 35
22 63
24 32
24 70
24 71
24 56
24 81
24 44
26 34
26 46
27 60
28 30
28 40
29 40
29 33
30 38
30 77
30 79
31 67
31 60
31 69
33 51
33 45
33 68
34 36
35 56
35 44
35 58
37 75
37 81
37 38
37 40
37 39
38 60
38 81
38 62
38 44
39 45
40 76
40 42
40 67
41 65
42 53
42 77
43 71
43 74
43 46
44 48
44 59
44 80
44 62
45 64
45 77
45 76
45 66
45 63
45 80
45 71
46 78
47 48
47 60
48 54
48 60
49 60
49 69
49 66
50 74
51 59
51 53
51 79
51 62
52 65
53 64
55 80
57 78
61 63
61 70
61 73
62 69
63 80
65 67
67 76
67 73
68 76
69 70
70 72
74 75
1 78
1 35
1 36
2 78
2 47
2 53
2 79
2 25
2 31
2 74
3 20
3 38
3 60
3 42
4 35
5 8
5 74
5 27
5 18
5 43
6 36
6 30
6 81
7 45
7 19
7 58
7 13
8 61
8 33
8 24
8 10
9 22
9 37
11 29
12 68
13 22
13 52
13 33
13 40
14 49
14 18
14 81
15 36
15 70
15 64
16 17
16 47
17 75
17 44
17 62
18 33
19 43
19 71
19 78
20 76
22 74
22 42
22 56
22 71
22 37
22 44
23 46
24 29
24 66
24 38
24 32
24 54
25 45
25 56
25 33
26 65
26 74
26 36
26 27
26 67
27 60
27 55
28 63
28 35
29 76
29 47
29 40
30 80
30 70
31 47
31 66
31 52
31 39
32 42
32 62
33 79
33 66
33 72
34 47
34 37
34 69
34 71
34 48
34 77
35 45
35 55
35 81
36 44
36 77
38 70
38 46
40 52
41 61
41 67
41 63
42 76
42 49
44 63
45 78
45 68
45 77
46 79
46 53
47 61
47 74
48 78
48 56
49 61
49 71
49 80
49 54
50 53
51 77
51 65
52 54
52 56
52 80
55 78
55 59
56 80
59 67
61 79
61 64
62 77
62 80
63 70
64 68
64 72
66 73
72 75
73 77
99 120 108
1 75
1 85
2 40
2 76
2 47
2 19
2 49
3 15
3 85
3 94
3 95
4 36
4 83
5 34
5 79
6 58
6 53
6 67
8 68
8 69
9 78
9 24
10 37
11 72
11 99
12 72
13 97
13 98
14 60
14 84
14 77
15 25
15 46
15 78
15 42
16 33
16 83
17 89
17 20
17 82
18 24
18 50
18 46
18 81
18 56
19 38
19 77
20 56
20 69
20 65
21 28
22 72
22 46
23 66
23 28
24 91
25 36
26 83
27 83
27 45
27 46
28 74
28 81
29 51
29 77
30 35
31 91
33 36
33 72
34 55
34 62
37 89
38 81
39 54
40 51
40 70
40 67
42 50
42 47
44 84
44 78
48 89
48 58
48 83
49 64
49 54
49 52
50 68
50 63
51 71
51 63
52 78
53 70
53 81
54 58
55 84
56 57
56 60
57 64
57 98
58 83
59 86
59 80
59 66
61 78
61 81
63 95
63 68
65 72
66 90
66 67
66 76
68 97
70 98
71 87
76 79
83 85
87 97
88 95
88 89
1 63
2 29
2 45
2 66
3 31
3 54
4 32
5 9
6 31
6 59
6 20
6 91
7 28
8 97
8 77
8 42
8 74
8 15
9 99
9 61
10 40
10 38
11 30
11 88
11 26
12 18
12 56
13 90
15 60
15 24
16 99
17 53
17 95
17 84
18 63
18 55
20 96
21 80
22 92
22 34
23 97
23 98
23 57
25 48
25 87
25 32
25 70
26 60
26 77
26 57
27 81
28 50
28 45
29 62
30 42
30 91
31 32
31 99
32 75
35 53
36 70
36 39
37 51
38 99
39 47
41 94
41 91
42 66
42 64
43 71
44 67
44 57
46 48
47 89
50 82
50 77
51 95
51 99
51 60
52 95
53 68
54 62
55 86
55 79
56 79
59 91
59 79
61 74
61 71
62 75
63 92
65 66
65 69
67 85
68 94
68 96
74 79
76 86
76 92
77 90
79 88
79 93
85 96
85 99
87 92
91 98
92 98
94 97
12 14 7
1 6
1 3
2 6
2 10
2 5
3 10
3 5
3 8
5 6
6 9
6 12
7 10
7 9
9 10
1 7
1 4
1 12
2 3
2 5
4 11
8 10
56 106 63
2 42
2 15
3 23
3 11
3 36
3 50
3 38
3 43
4 8
4 50
4 41
4 21
4 34
6 27
6 12
6 51
6 54
6 14
6 52
6 13
7 10
8 37
8 47
8 22
9 10
10 16
10 35
10 14
11 30
11 51
12 55
12 17
12 40
13 47
14 53
14 20
14 49
14 47
14 36
14 18
15 26
16 28
16 45
16 21
16 44
16 47
17 27
18 41
18 23
18 28
18 34
20 39
20 46
21 41
21 27
21 25
21 51
22 38
22 55
25 37
25 28
25 46
26 31
26 34
26 41
26 27
27 37
27 32
27 46
29 47
29 52
30 38
30 41
30 55
31 36
31 44
31 51
31 42
32 33
32 35
33 40
33 56
33 43
33 50
33 36
34 52
35 37
35 43
35 40
36 41
36 40
36 37
37 54
37 55
37 40
38 54
40 53
40 45
40 56
41 49
42 54
43 53
43 55
43 54
49 54
54 55
1 23
1 53
3 8
3 30
3 24
3 41
3 12
3 23
4 26
5 48
5 25
5 24
5 12
7 35
8 31
8 11
9 44
10 21
10 13
10 14
11 50
12 34
13 54
14 18
15 22
15 26
15 39
15 19
15 23
16 51
17 21
17 32
17 38
17 26
18 19
18 56
18 43
20 53
21 23
21 44
22 26
23 51
23 24
23 32
24 46
24 39
27 33
27 52
28 53
29 39
31 38
32 52
34 51
34 48
36 42
38 53
40 50
40 52
41 42
42 47
43 56
44 55
47 50
32 30 43
1 20
4 19
6 17
6 26
8 26
8 29
10 15
10 25
10 30
11 16
11 23
11 13
12 21
12 13
12 18
13 21
13 23
15 30
16 26
16 22
16 24
18 24
18 25
19 23
19 31
21 23
21 27
21 26
23 26
26 28
1 20
1 2
2 21
2 20
2 11
3 24
5 18
6 10
6 14
7 15
7 25
7 20
9 32
9 13
10 17
10 32
10 16
11 24
11 21
11 26
12 28
13 14
13 30
14 32
14 23
14 21
15 21
15 32
15 26
16 31
16 30
16 18
17 22
17 32
17 24
18 21
19 28
19 29
20 32
22 29
22 26
22 28
26 28
76 55 146
2 48
3 54
4 50
4 68
5 29
6 34
7 51
8 68
8 14
8 76
11 42
11 26
12 50
13 22
14 58
14 63
15 62
16 31
16 55
17 48
18 55
20 59
22 33
22 34
23 38
25 26
26 30
27 74
27 42
27 44
28 58
28 62
30 52
30 64
31 76
33 71
36 67
36 58
37 67
37 59
39 65
41 66
42 47
42 59
42 62
45 46
46 49
46 70
47 74
50 65
50 61
55 61
57 59
61 75
65 69
1 44
1 69
1 56
2 64
2 63
2 40
2 12
2 6
3 36
3 14
3 33
4 34
4 6
4 31
4 41
4 64
5 65
6 53
6 58
6 39
6 32
6 75
6 43
7 38
8 63
9 54
9 67
9 12
10 28
10 30
10 13
11 21
11 74
11 57
12 17
12 46
12 19
12 53
13 47
13 20
13 35
14 24
14 59
14 73
15 40
15 35
15 47
16 49
17 53
18 58
19 52
19 41
19 33
20 69
21 42
21 70
21 40
21 48
22 27
23 67
24 48
24 44
24 27
24 47
25 49
25 62
25 52
25 47
25 46
25 53
26 68
26 58
26 70
26 63
27 42
27 65
27 66
27 74
27 40
28 44
29 75
29 60
29 59
29 66
29 35
30 66
30 67
30 36
31 57
31 41
32 34
32 54
33 38
33 51
33 52
33 68
33 34
33 46
33 74
34 67
34 43
35 69
35 40
36 48
37 39
38 52
39 47
39 45
41 73
41 68
42 63
43 56
43 54
45 56
45 46
46 68
46 54
47 75
47 62
47 51
47 74
48 69
49 70
49 54
50 53
50 67
52 66
52 55
52 53
52 65
54 76
55 71
55 70
55 74
57 76
57 73
59 64
59 71
60 73
63 75
64 73
64 68
64 67
67 70
68 70
72 74
42 35 71
1 5
2 29
2 6
2 7
3 25
4 14
4 42
4 28
5 21
5 8
5 27
6 10
7 17
8 14
9 28
9 21
10 36
13 27
14 31
15 38
17 20
18 41
19 32
19 20
19 38
19 22
21 27
22 39
22 29
23 27
23 31
27 30
27 35
28 34
32 38
1 10
1 32
1 34
2 4
2 23
2 15
2 19
3 19
3 10
4 15
4 25
4 17
4 31
5 42
5 12
5 9
5 38
5 35
5 21
6 42
6 14
6 38
7 24
8 25
8 19
9 39
9 33
10 40
11 30
11 29
11 16
12 17
12 15
13 39
14 22
15 31
15 27
16 25
16 20
16 36
16 33
16 22
16 23
19 35
19 30
19 38
19 41
20 28
20 21
20 35
21 35
22 31
22 28
22 26
23 24
23 39
23 28
23 32
24 37
26 38
27 34
27 30
28 41
28 38
29 41
30 31
31 37
31 40
32 33
40 41
41 42
84 159 97
1 23
1 29
2 37
2 77
3 80
3 26
3 63
3 82
3 60
3 38
4 60
4 25
4 59
4 11
4 72
4 7
4 77
4 35
4 32
5 15
5 82
5 33
5 83
5 45
6 21
7 54
7 16
7 48
7 61
8 44
8 55
8 49
9 23
9 55
9 54
9 79
9 81
9 56
10 29
10 27
10 14
10 13
11 57
11 60
12 70
12 62
13 69
13 44
13 55
13 70
13 50
14 42
14 84
14 20
15 51
15 22
15 26
16 64
16 69
16 24
17 80
17 83
18 77
18 39
19 20
19 80
19 74
19 81
19 47
20 43
20 76
20 61
20 80
20 84
20 42
21 76
21 31
21 30
22 55
22 72
22 46
22 40
22 31
22 45
22 51
23 65
23 52
23 68
24 61
25 76
25 40
26 51
26 69
27 57
27 53
27 40
27 77
28 53
28 43
28 41
29 60
31 47
32 68
32 60
32 67
32 82
33 56
33 38
33 80
33 44
34 47
34 63
35 79
36 50
36 40
36 82
38 45
38 62
39 66
39 59
40 48
40 83
40 60
40 59
41 62
42 59
45 79
45 71
46 77
46 72
46 48
46 70
47 72
48 60
49 79
49 61
49 53
49 69
49 52
51 71
52 79
52 55
53 81
53 67
54 84
56 76
56 59
56 72
58 65
59 74
59 84
61 64
61 72
62 84
69 70
71 73
75 81
78 79
79 80
1 28
1 14
1 79
3 44
3 70
3 51
4 22
4 51
5 51
6 59
7 33
7 26
8 57
8 71
8 13
9 48
9 16
9 62
10 66
10 61
11 20
11 38
12 56
12 47
13 45
13 36
14 81
14 70
14 75
14 39
15 16
15 71
17 69
17 76
17 73
18 53
18 35
19 61
20 30
21 48
21 50
23 80
24 46
25 45
26 68
26 56
26 59
26 77
26 42
28 76
28 56
28 32
28 40
28 47
28 58
29 42
29 80
29 64
29 33
29 35
30 35
30 75
31 83
32 44
34 38
34 70
34 59
35 52
36 84
36 73
36 51
37 51
40 68
42 72
42 47
42 65
44 76
44 71
45 54
45 66
46 49
47 67
51 84
52 70
53 76
53 66
54 64
55 66
59 63
61 81
64 67
67 68
68 74
68 76
70 73
77 83
79 84
30 59 37
1 2
1 10
1 15
1 17
1 21
2 5
2 24
2 20
2 10
2 26
3 10
3 21
3 26
4 28
5 29
5 14
7 17
7 27
7 26
7 30
7 16
8 30
8 20
8 25
8 23
9 10
10 23
10 13
10 20
10 22
11 15
11 23
11 17
11 19
11 21
12 22
12 14
12 29
12 30
13 18
13 24
13 22
14 25
14 16
15 27
16 18
17 29
17 19
17 21
17 27
18 19
18 23
19 29
19 28
23 26
23 25
23 30
25 26
25 27
1 29
1 18
1 15
2 22
2 26
3 21
3 30
3 25
3 29
3 20
5 12
5 21
5 13
6 27
6 13
7 20
8 9
8 18
8 24
9 16
9 27
10 13
10 20
10 11
11 21
11 12
12 17
19 23
19 26
20 24
20 29
20 26
21 22
21 28
23 27
26 27
26 28
80 142 114
1 38
1 57
1 33
2 30
2 77
3 54
3 42
3 22
3 36
4 26
4 17
4 48
4 53
5 6
5 59
5 32
5 79
6 32
7 48
7 65
7 59
7 74
8 28
8 30
8 63
8 57
10 14
10 23
11 75
11 72
12 62
13 43
13 76
13 51
14 58
14 42
14 56
14 21
15 75
15 45
15 67
16 46
16 77
16 68
16 54
16 60
17 74
17 25
17 31
17 70
17 46
17 62
17 39
17 65
17 44
18 78
19 40
19 61
19 37
20 54
21 34
21 80
22 72
22 27
23 50
24 76
24 62
24 70
25 27
25 35
25 50
25 74
25 36
26 58
26 51
27 55
27 79
27 69
27 53
27 40
27 78
28 73
29 77
29 51
29 70
30 38
31 72
31 58
31 52
32 64
32 42
33 71
33 52
33 64
33 75
33 73
34 64
34 60
35 46
36 80
36 53
37 79
37 58
39 74
40 70
40 65
41 71
41 80
42 69
42 75
42 47
42 67
43 70
44 78
45 63
46 77
46 67
46 59
47 57
49 70
49 52
49 77
50 57
50 51
50 55
50 52
51 58
51 78
52 66
52 68
55 71
56 70
58 76
58 73
62 64
65 71
66 80
68 72
68 75
69 73
70 73
74 78
1 28
1 64
1 35
1 34
1 21
2 30
2 5
2 37
2 26
3 66
4 41
4 60
6 46
6 27
6 79
6 37
6 65
6 19
7 57
7 41
8 54
8 60
8 53
8 27
9 34
9 62
10 47
10 15
10 22
10 28
10 65
11 35
11 41
11 13
11 62
11 80
12 65
12 37
13 48
13 30
13 72
14 49
16 22
16 37
17 75
17 33
18 30
19 71
20 78
20 62
21 43
21 59
21 23
22 43
23 50
23 69
23 75
23 54
24 32
25 73
25 52
26 54
26 27
26 64
27 70
27 59
27 53
27 40
28 30
28 65
29 50
30 63
30 46
30 71
32 66
32 39
36 58
37 57
37 53
38 61
39 73
40 75
40 43
41 49
41 48
41 77
42 58
42 46
44 61
45 75
46 51
46 63
46 58
47 59
47 49
48 71
49 51
50 69
50 55
51 59
51 76
51 63
51 79
51 77
51 66
54 65
56 69
58 61
61 73
62 80
62 77
63 70
65 76
67 68
95 47 84
1 70
1 83
2 38
2 65
3 77
3 76
5 39
7 60
7 42
7 54
12 36
13 85
13 74
13 94
15 83
16 55
16 87
18 56
23 50
24 54
25 91
26 82
27 73
27 64
28 86
30 88
31 88
33 62
34 74
34 86
36 73
37 80
38 73
39 59
41 87
43 85
49 77
51 80
58 71
58 64
60 95
61 93
62 85
62 66
66 88
71 77
79 84
1 76
1 5
1 42
2 31
2 27
2 4
3 66
3 49
4 67
4 20
4 40
4 50
5 72
5 20
6 58
7 20
7 80
7 46
9 62
10 11
10 46
11 92
11 66
13 63
13 32
14 18
14 51
15 81
16 62
16 53
17 70
17 26
17 56
18 37
20 32
20 90
21 29
22 25
22 75
22 56
24 47
24 67
24 27
24 36
25 39
25 67
26 52
29 64
29 80
29 41
30 38
31 63
32 33
32 82
32 93
33 34
34 83
37 88
38 57
39 82
42 89
42 46
45 75
47 68
49 56
49 57
49 65
50 88
50 82
53 89
54 85
57 60
58 94
58 63
60 87
65 90
65 66
72 95
75 93
77 87
78 93
80 92
83 85
91 95
31 22 25
1 12
1 31
4 17
4 7
4 30
5 23
7 28
8 20
10 27
12 28
13 26
14 19
16 18
17 20
18 23
19 24
19 23
20 25
22 26
23 28
27 31
27 29
1 31
3 5
4 20
4 29
5 19
5 27
6 9
7 21
10 19
10 12
13 29
15 22
18 20
20 30
20 28
21 26
21 28
22 29
22 25
23 28
24 31
25 27
26 31
26 28
26 30
44 62 33
1 44
1 41
1 20
1 11
2 42
3 15
3 36
4 11
4 25
5 13
5 39
6 16
6 26
6 31
7 33
7 40
7 16
7 12
7 29
8 11
9 30
9 15
9 27
10 44
11 18
11 43
11 25
13 14
14 40
14 26
14 30
15 32
15 28
16 18
16 29
16 27
18 23
19 41
19 42
21 24
21 41
22 26
22 37
23 26
23 43
24 26
27 30
28 40
28 42
30 38
31 37
31 43
31 34
32 42
33 35
34 38
34 41
35 41
36 44
38 42
39 41
42 44
1 27
1 29
1 5
2 19
3 7
4 43
5 22
5 13
5 43
6 30
7 10
9 20
9 27
10 37
11 16
11 39
12 43
12 41
13 23
14 19
15 38
15 24
19 31
20 37
22 36
25 32
26 39
27 42
31 41
34 39
35 42
37 43
42 43
35 70 18
1 18
1 2
1 13
1 19
2 9
2 22
2 25
3 32
3 7
3 26
3 5
3 23
4 34
5 8
5 6
5 25
5 28
6 8
6 27
6 11
6 10
7 28
7 18
7 21
8 23
8 12
9 25
9 16
10 18
11 32
11 30
11 21
11 17
11 27
13 19
13 27
13 20
14 35
14 20
15 25
15 19
15 17
16 19
16 32
16 18
17 32
18 23
18 32
18 26
19 30
20 21
21 22
21 29
22 35
22 31
23 27
23 25
24 29
25 26
26 34
26 28
27 28
28 35
28 33
29 32
30 31
30 32
30 35
31 32
32 35
1 28
1 14
1 5
2 22
4 33
4 5
10 16
10 19
11 16
11 24
12 26
12 32
13 29
16 27
17 18
18 24
18 29
21 22
35 60 69
1 29
1 7
1 11
1 25
2 6
2 18
2 17
2 10
3 29
3 18
4 34
4 30
5 24
5 17
5 16
5 20
5 18
6 18
6 7
6 14
7 9
7 15
8 34
8 21
8 35
9 15
9 21
9 32
10 26
10 27
11 25
11 26
11 30
11 32
12 28
12 16
13 18
13 25
13 31
13 20
14 15
16 32
16 28
16 27
16 20
17 23
18 19
21 27
21 30
22 26
23 28
24 29
25 31
26 32
26 34
28 31
29 35
29 32
31 35
33 34
1 29
2 11
2 27
2 32
2 20
2 4
3 33
3 19
3 26
3 17
3 15
3 27
3 7
5 18
5 13
5 24
5 6
5 35
6 16
6 11
6 9
6 27
7 33
7 17
7 32
7 16
7 34
7 9
8 18
8 15
8 30
8 23
8 22
8 27
9 10
9 19
9 28
9 29
10 12
10 21
11 14
12 25
12 20
12 13
12 15
13 14
14 24
15 32
16 20
16 26
17 34
17 19
18 34
18 29
19 33
19 28
20 30
21 25
22 26
23 24
23 29
24 35
24 29
27 28
27 34
29 33
30 31
32 33
32 34
33 37 52
1 20
2 7
2 23
4 11
4 19
5 22
6 31
6 14
6 22
6 25
6 17
7 31
7 12
8 9
8 30
8 26
9 27
10 12
12 30
12 18
12 26
13 24
14 16
14 19
15 20
15 25
16 20
17 26
18 30
18 21
19 25
19 33
21 25
23 25
23 29
24 29
29 30
1 32
1 25
1 3
1 18
2 32
2 20
2 30
3 7
4 18
5 28
5 27
5 21
6 28
6 27
7 19
7 24
7 33
7 22
9 31
9 19
9 18
9 13
10 16
10 25
11 22
11 18
11 26
12 14
13 26
13 27
13 31
13 17
15 26
15 28
15 27
15 19
15 25
17 22
17 30
18 31
18 25
18 20
19 22
19 23
19 30
20 29
24 32
25 30
25 29
27 28
28 33
29 32
37 45 45
1 18
1 17
2 8
2 16
2 5
3 14
3 32
3 23
4 29
5 12
5 34
5 15
6 16
7 25
8 13
8 21
9 26
9 12
10 25
10 29
10 17
12 20
13 29
13 22
13 25
14 27
15 30
15 27
15 19
16 29
17 28
17 24
17 20
17 22
18 25
19 37
20 34
20 26
23 37
23 36
24 26
24 35
25 27
26 30
29 33
1 17
1 14
2 22
2 25
3 9
3 28
3 35
4 21
4 29
4 15
4 27
4 36
6 17
7 31
7 18
8 19
9 15
9 11
10 14
11 13
12 31
12 37
13 19
13 28
13 37
14 20
14 19
15 37
15 32
16 25
16 32
16 23
17 34
19 22
19 20
21 23
21 36
22 36
24 27
25 26
27 29
28 35
28 30
31 33
33 37
94 177 135
1 40
1 56
1 51
1 61
2 53
2 5
2 87
3 6
3 78
3 25
3 47
4 70
5 23
5 71
5 19
5 21
5 29
6 77
6 16
6 84
6 26
6 42
6 61
6 90
8 30
8 43
8 63
8 75
9 73
9 51
9 10
10 13
10 19
10 43
10 42
10 23
11 80
11 37
12 92
12 83
12 36
13 47
13 55
14 37
14 74
14 27
15 54
15 75
16 45
16 41
16 53
17 81
17 36
17 37
17 42
18 19
18 55
19 42
19 59
19 64
19 27
19 51
20 54
20 79
21 76
21 36
21 63
21 48
21 33
22 41
22 55
22 53
22 88
22 56
23 75
23 93
23 47
23 85
23 56
23 79
24 35
24 28
25 86
25 77
25 37
25 41
26 38
27 91
27 45
28 92
28 84
29 70
29 80
29 33
30 88
30 85
30 71
31 83
31 87
32 67
33 43
33 45
33 79
33 69
33 50
34 84
34 40
34 70
34 77
35 37
36 61
36 40
36 70
36 93
36 79
36 59
37 60
39 78
39 82
39 88
39 67
39 93
40 60
41 71
41 77
42 76
42 57
43 72
46 65
46 77
47 73
47 83
48 77
49 57
49 65
50 92
50 66
51 93
52 77
52 53
53 66
53 94
53 74
53 56
53 58
55 60
55 58
55 86
56 72
56 79
57 62
58 64
59 79
60 75
60 77
61 85
62 86
62 73
62 85
63 93
64 74
66 68
67 83
69 72
69 78
70 72
70 77
71 74
71 93
74 75
79 84
80 81
82 92
82 86
82 94
84 93
92 93
1 60
1 26
1 76
2 29
2 11
2 52
2 21
3 7
3 93
3 40
3 18
4 68
4 18
5 72
5 46
5 16
5 78
6 53
7 50
7 65
7 72
7 77
7 44
7 19
7 20
7 83
8 41
8 17
9 26
9 75
10 52
10 56
10 58
11 91
11 46
11 70
11 60
11 44
12 34
12 93
12 18
13 64
13 29
14 51
14 53
16 57
16 31
16 20
16 26
17 78
17 52
17 86
18 31
18 72
18 83
19 66
20 56
20 46
20 50
21 72
22 78
22 63
22 62
23 48
26 83
26 58
27 78
27 67
29 35
29 80
30 40
30 36
30 43
31 35
32 65
32 50
33 38
33 66
33 89
33 61
34 42
34 82
35 92
36 86
36 40
36 47
37 46
38 44
38 78
41 72
41 81
41 50
42 93
42 46
42 87
43 76
44 54
44 50
44 55
44 58
45 60
46 91
47 51
47 72
47 75
47 63
49 61
50 55
50 68
50 79
51 56
51 75
52 53
53 56
54 76
54 63
54 77
55 92
58 86
58 87
58 61
60 91
62 83
62 93
66 70
66 93
67 80
67 86
68 74
71 72
74 82
74 83
77 80
78 89
89 90
71 100 109
1 65
1 16
1 9
1 14
2 11
2 42
3 34
3 4
3 23
3 44
4 14
4 61
4 63
4 17
4 29
5 27
5 23
5 45
6 37
6 24
6 28
7 35
7 70
9 47
9 65
9 59
9 23
9 70
10 65
10 48
10 57
10 13
11 59
11 17
11 28
11 32
13 19
14 64
14 35
14 20
15 53
15 50
16 53
16 21
18 30
19 42
19 63
19 60
20 46
20 68
21 61
23 66
23 68
24 35
25 34
25 28
25 46
26 54
26 57
27 29
30 61
31 65
32 33
32 38
32 49
33 37
33 39
34 59
34 67
35 53
36 49
36 60
38 63
39 49
39 53
39 69
40 57
41 49
41 43
43 45
43 68
44 57
44 52
46 52
46 58
46 60
47 66
48 57
49 53
49 54
50 57
50 62
53 62
54 60
54 64
56 63
57 61
57 67
62 64
62 71
1 31
1 50
1 65
1 20
1 36
2 44
2 41
2 60
2 59
2 68
2 17
2 15
3 40
4 58
4 22
5 52
5 16
5 62
5 6
5 59
5 53
5 71
6 35
6 24
7 66
7 18
8 68
8 13
8 31
8 27
8 29
9 14
9 69
9 70
11 71
11 51
11 47
12 33
13 20
13 19
14 15
14 31
14 42
14 17
14 55
15 31
15 53
15 21
16 42
17 47
20 36
20 59
20 35
21 39
21 62
22 60
23 58
23 63
24 31
25 30
26 62
27 67
27 59
27 61
28 50
29 65
29 70
29 37
29 47
29 53
29 46
30 57
30 31
33 35
33 38
35 68
35 43
35 50
36 43
36 57
37 67
37 43
37 46
38 49
38 52
40 68
40 66
40 62
41 57
43 69
46 65
47 70
47 64
47 57
47 56
47 68
48 59
49 69
51 63
51 54
52 70
53 57
55 60
55 59
56 61
59 67
61 70
64 66
65 70
89 168 46
1 46
1 77
1 84
1 69
1 41
1 55
1 35
1 4
2 83
2 78
2 64
2 26
3 43
3 68
3 89
3 56
3 75
3 20
3 65
3 11
4 71
5 31
5 61
5 62
5 15
6 31
6 14
7 21
8 25
8 52
8 19
8 22
9 52
9 11
9 53
11 63
12 65
12 72
12 33
12 37
12 30
13 56
13 86
13 43
13 15
13 88
14 27
14 29
14 62
14 25
14 87
14 78
14 48
14 51
15 36
15 20
16 59
16 47
16 56
16 17
16 48
17 83
17 75
17 78
18 41
18 77
18 83
18 34
18 56
19 78
19 40
20 24
20 86
21 75
21 38
22 62
22 77
23 68
24 72
24 71
25 53
25 80
26 81
27 75
27 35
27 66
27 77
27 71
28 78
29 43
29 49
29 45
29 30
29 59
30 71
30 77
31 33
31 38
31 75
31 67
32 61
32 72
33 42
33 87
33 59
34 43
34 44
35 55
35 77
36 38
36 77
36 72
36 42
37 49
38 45
39 60
40 78
40 87
41 87
43 76
43 46
44 86
44 81
44 45
46 89
47 55
47 88
47 72
48 88
49 81
50 57
50 64
51 71
51 61
52 69
53 64
53 60
53 61
53 79
53 83
54 58
54 74
55 86
56 84
57 84
57 58
57 87
58 71
58 89
58 69
59 75
59 69
60 67
60 78
60 80
60 87
61 64
61 85
62 86
66 82
66 88
69 75
69 72
70 79
73 79
74 83
80 81
84 88
2 71
2 72
2 49
5 23
5 40
6 33
7 53
11 72
16 54
17 37
19 47
22 82
23 86
25 78
28 52
31 35
32 69
33 83
33 39
34 52
35 62
35 55
37 60
39 88
41 58
43 71
44 58
44 48
44 89
44 87
44 76
44 69
47 57
48 66
48 67
49 77
50 80
56 63
62 86
63 72
64 89
65 75
67 89
74 80
79 82
80 81
34 24 31
2 3
4 16
5 29
6 8
6 24
7 33
8 18
8 31
9 24
9 16
10 27
13 22
15 23
15 32
16 24
17 27
17 33
21 24
22 34
23 33
24 30
29 32
30 31
32 34
1 18
2 33
2 29
2 6
4 20
4 12
4 29
5 26
5 25
5 12
6 21
6 16
6 8
6 22
7 15
8 14
11 12
11 29
11 23
15 27
15 23
16 21
17 28
19 20
20 32
20 29
20 34
21 32
24 33
25 27
26 28
12 13 16
1 3
1 8
2 11
3 6
4 7
4 5
4 10
4 12
6 8
6 11
8 9
8 11
10 11
1 5
1 12
3 8
3 11
3 4
3 12
4 6
4 5
5 8
5 12
5 11
6 11
7 9
8 12
9 10
9 12
77 43 89
1 56
2 12
2 54
2 62
3 15
4 39
4 61
6 50
6 30
7 12
9 47
9 54
12 50
12 39
16 59
20 52
27 62
28 61
29 49
29 32
29 41
30 64
30 35
31 57
34 66
35 68
35 71
36 44
36 60
38 69
39 49
40 51
43 57
47 55
48 53
48 64
49 50
51 59
54 76
55 66
58 76
66 74
68 77
1 15
1 60
1 24
2 18
2 56
2 75
2 60
3 43
3 28
4 39
5 36
5 41
5 35
6 59
6 37
6 50
6 10
7 37
8 12
8 13
9 64
9 74
10 29
10 13
10 17
12 32
13 71
14 64
14 74
15 49
15 45
15 67
16 59
16 60
18 35
19 56
19 62
21 26
21 23
22 27
24 62
24 60
25 49
25 73
27 40
28 73
29 66
29 70
29 31
30 72
30 77
31 42
32 51
32 46
32 62
33 56
34 64
34 48
34 63
35 46
35 70
36 51
37 71
38 39
39 73
40 75
41 52
41 43
42 52
42 59
43 53
44 51
45 55
48 72
48 76
50 68
51 68
52 63
53 74
55 68
56 60
59 60
60 77
63 67
66 67
68 69
70 72
73 74
73 77
79 51 138
1 58
1 6
1 14
4 27
4 25
6 18
7 22
7 79
7 51
8 56
8 29
10 79
11 68
11 34
14 42
14 36
14 58
16 51
18 59
19 53
20 64
20 63
21 70
21 58
21 73
22 57
22 77
24 75
24 49
25 44
25 28
26 42
26 68
27 42
28 39
29 67
35 76
35 60
36 71
37 39
41 71
47 69
47 57
53 73
56 61
57 67
60 64
60 74
62 72
63 78
67 73
1 49
2 36
2 41
2 39
3 11
3 72
4 50
4 79
4 37
4 26
5 41
5 39
5 61
5 65
5 52
6 7
6 22
6 58
7 34
7 68
7 70
7 51
7 17
7 59
8 12
9 76
9 18
9 28
10 75
10 44
10 25
10 52
11 32
11 41
11 63
11 34
11 22
12 71
12 78
12 42
13 29
13 49
13 51
14 48
14 33
14 28
15 31
15 46
15 30
17 26
18 47
18 73
20 64
20 72
20 57
21 47
21 78
21 74
21 33
22 68
23 68
23 78
23 33
24 63
25 53
25 30
25 40
25 67
26 30
26 65
26 61
27 71
27 39
27 42
27 79
28 45
29 40
29 43
30 70
30 31
30 62
31 65
32 64
33 78
33 77
34 71
34 56
34 58
35 47
36 57
36 47
37 71
37 69
38 75
38 66
38 41
38 42
39 77
40 72
40 45
41 64
42 77
42 79
42 64
42 61
43 47
43 79
43 72
45 53
45 78
46 74
46 50
47 49
47 51
47 61
47 55
48 53
48 77
49 75
50 74
51 70
53 73
54 77
54 68
55 69
55 66
57 59
57 75
58 76
58 62
61 72
63 65
63 68
65 69
73 76
73 77
74 77
75 77
63 107 51
1 31
1 16
1 20
1 15
1 34
1 8
2 20
2 37
3 63
3 51
4 42
4 12
5 35
5 33
5 8
5 51
6 24
6 63
6 28
6 47
6 61
7 41
7 33
7 58
7 62
8 47
8 44
8 11
8 50
8 12
8 14
9 46
10 47
10 61
10 28
12 62
13 49
13 44
13 40
14 23
15 59
15 33
15 35
15 27
16 58
17 37
17 58
17 41
17 30
17 20
18 41
18 34
18 53
18 63
19 39
20 54
20 48
21 33
21 29
22 25
24 43
24 37
24 30
25 48
26 42
26 29
26 40
27 47
27 60
27 61
27 56
27 45
28 36
28 40
28 48
29 31
29 45
30 37
30 48
31 33
31 53
31 38
33 51
34 47
38 62
39 44
39 63
39 51
40 58
41 43
41 45
41 63
41 59
42 49
42 48
43 61
43 47
43 54
43 46
45 60
47 54
47 50
51 60
52 58
54 63
55 56
60 61
1 34
1 49
1 12
2 45
2 12
3 22
4 6
4 63
4 7
5 18
6 34
6 63
8 9
10 56
10 37
12 41
14 15
15 63
15 50
15 19
17 47
18 62
18 53
19 59
20 32
20 53
20 43
20 39
21 26
21 33
24 43
25 35
27 44
29 55
30 57
30 61
31 42
31 32
32 49
34 37
38 43
38 53
39 53
41 42
43 52
44 56
44 62
46 48
50 60
55 61
62 63
24 36 29
1 15
1 13
1 19
1 5
2 16
2 3
2 5
3 12
3 5
3 7
3 9
4 24
4 14
6 13
6 10
7 18
7 17
7 10
8 23
9 16
10 12
11 21
11 16
11 24
12 18
12 15
12 21
13 23
13 18
14 24
14 21
15 21
15 18
16 19
17 19
21 24
1 23
1 14
1 9
2 7
2 13
2 6
2 12
3 19
4 18
4 17
4 23
6 17
6 19
6 12
7 22
8 21
8 18
9 20
10 24
10 16
11 17
14 15
15 18
16 20
17 20
18 24
18 23
18 20
22 24
45 33 48
2 40
4 42
4 30
6 14
6 29
6 38
7 8
8 23
12 28
12 29
13 27
13 20
14 35
14 31
15 28
15 26
15 42
17 30
18 44
21 34
21 36
22 31
24 27
26 43
28 38
30 32
30 33
32 35
33 34
35 41
37 42
38 43
41 44
1 39
2 35
2 41
2 6
3 9
3 6
4 41
4 16
5 45
5 11
6 41
6 20
8 24
8 12
9 14
9 32
9 33
11 34
12 18
14 40
14 35
14 38
15 36
15 23
15 43
16 22
16 28
17 39
17 20
18 35
19 32
19 43
19 27
20 36
21 43
21 33
22 44
23 40
23 37
24 25
25 42
27 37
30 36
35 42
35 39
36 41
37 43
41 44
40 35 33
1 29
1 5
1 17
2 14
3 28
3 4
3 17
4 24
5 32
6 18
6 27
6 39
6 9
7 32
8 22
8 10
10 26
11 37
12 34
13 38
13 39
14 23
16 34
18 28
19 23
19 26
19 39
19 35
20 37
21 25
21 36
23 35
30 32
32 35
37 38
1 31
1 34
3 29
4 26
5 9
5 29
6 34
8 31
11 12
11 37
12 38
12 33
13 17
13 14
14 36
14 20
14 25
15 34
15 29
15 23
16 23
17 26
19 31
20 35
21 33
22 33
24 26
24 29
25 33
26 28
26 39
27 32
33 38
97 140 116
1 19
1 31
1 92
2 7
2 55
2 73
2 9
3 78
4 48
4 18
4 17
4 44
5 38
5 7
6 95
6 88
6 68
6 13
6 59
7 70
7 65
7 57
7 80
9 18
9 92
10 75
10 72
11 17
12 60
12 64
13 24
13 97
15 19
15 67
16 27
17 41
17 33
18 56
19 35
19 36
19 37
19 47
19 64
19 22
20 72
20 27
20 50
20 49
20 29
21 29
21 56
22 61
22 57
22 87
22 83
23 94
24 93
24 84
24 42
24 95
25 47
25 94
25 51
26 35
27 37
28 72
28 42
28 62
28 94
28 38
28 73
28 60
29 92
29 72
30 76
30 72
31 43
31 97
31 93
33 72
34 39
34 90
35 57
36 61
37 45
38 91
39 90
41 81
41 65
41 83
41 45
41 78
42 72
42 73
44 72
45 86
47 85
48 84
49 76
50 64
50 76
52 94
54 96
54 81
55 84
56 92
56 74
56 62
57 94
57 85
59 91
60 72
61 67
62 74
63 74
63 82
65 75
66 87
66 85
68 80
68 91
68 92
68 69
68 94
69 72
69 90
70 88
71 97
71 78
73 92
73 90
73 83
73 74
77 88
77 91
80 94
84 94
85 94
86 94
91 97
1 24
1 12
1 81
2 89
2 54
3 79
3 59
4 68
4 37
4 22
5 60
5 86
6 80
8 45
9 89
9 46
10 60
10 42
11 75
11 32
11 33
11 37
12 13
13 77
14 83
14 40
15 39
15 18
15 56
15 66
15 49
17 79
17 22
18 26
18 71
19 38
19 53
19 57
19 82
20 85
20 36
21 38
21 88
22 80
22 87
22 97
23 94
23 43
24 73
24 90
25 47
25 81
26 69
26 59
28 82
28 58
30 91
31 64
32 34
32 81
33 54
34 62
34 95
34 73
35 87
36 53
36 64
38 57
40 66
40 58
41 56
41 62
43 84
45 48
46 55
46 53
47 61
48 85
48 94
50 74
51 58
51 72
51 90
51 61
52 78
52 60
53 59
53 91
54 75
54 84
54 96
55 57
56 76
56 79
56 69
57 93
58 85
59 97
59 96
63 89
63 82
64 65
64 77
65 88
65 90
67 76
69 93
71 75
73 91
75 80
77 83
80 82
81 83
87 92
88 94
90 97
73 45 66
1 11
2 55
2 48
3 41
3 57
4 41
5 56
7 71
8 38
8 13
9 48
9 60
10 46
12 48
12 21
13 57
15 52
17 50
18 67
20 23
26 60
26 51
27 69
28 36
30 59
32 59
35 48
36 66
37 51
37 70
38 52
38 67
39 60
41 43
42 69
44 61
46 70
48 64
50 58
52 66
53 68
55 68
61 73
61 68
63 68
1 25
2 20
3 62
3 51
3 25
4 42
4 22
5 28
5 19
6 31
8 26
8 68
9 15
9 34
10 18
10 59
10 23
12 29
13 60
13 58
14 33
14 15
14 62
14 56
14 18
14 28
14 66
15 72
15 48
16 50
16 29
17 55
17 61
19 63
20 64
20 70
21 56
21 23
24 64
29 31
29 44
29 68
30 41
30 69
30 32
30 43
34 47
35 36
37 54
38 57
38 39
38 46
43 54
45 65
46 69
46 65
49 53
49 72
53 64
53 71
54 68
55 73
57 60
58 72
60 64
70 71
80 61 123
1 34
1 8
1 2
2 30
3 27
3 50
4 43
6 23
6 11
6 9
7 55
8 76
8 43
9 21
9 55
11 18
11 75
12 21
14 49
14 27
15 78
15 47
16 32
16 62
17 42
17 46
19 75
21 64
23 74
23 40
23 52
26 75
26 39
26 73
27 29
28 52
29 37
29 55
30 38
32 40
33 79
34 58
36 40
39 69
42 53
43 71
44 57
45 65
47 61
47 50
49 76
50 68
50 71
53 68
54 56
56 69
58 70
58 67
61 69
68 76
71 74
1 75
1 3
1 36
1 44
2 6
2 58
3 28
3 63
3 52
5 9
5 62
6 11
6 25
6 30
6 62
7 20
8 57
9 14
9 76
9 26
10 79
10 18
10 74
10 61
10 30
11 21
12 64
12 49
13 21
13 56
14 66
14 68
14 61
14 46
14 15
15 36
16 60
16 78
16 79
17 20
17 32
18 64
19 35
20 74
21 61
21 75
21 51
21 66
22 63
22 49
23 64
24 52
24 38
25 70
26 75
26 64
27 75
27 32
28 80
28 55
29 40
29 58
31 79
31 51
31 32
31 62
32 72
32 55
32 35
33 51
34 78
34 64
34 61
35 68
35 54
36 60
36 66
36 65
36 56
37 72
37 47
38 67
39 56
39 40
44 65
44 77
45 64
45 57
45 73
45 59
46 47
47 64
48 61
48 63
49 56
51 65
52 62
52 60
52 59
54 79
54 73
54 56
55 69
55 59
56 72
56 64
57 69
58 68
59 68
59 70
59 77
60 69
61 72
62 76
64 76
67 71
67 69
68 71
72 73
73 78
74 75
75 79
77 80
37 46 24
2 18
2 12
3 18
3 15
4 26
4 28
4 30
5 21
5 13
5 16
6 9
7 30
7 12
8 35
8 24
8 11
9 20
10 32
11 26
11 34
11 23
11 29
11 28
11 14
11 16
12 23
12 19
13 36
13 34
14 37
14 31
14 26
17 36
19 31
19 26
20 22
21 30
21 32
22 25
22 36
23 27
25 35
26 32
26 29
31 35
33 35
1 14
1 10
2 3
3 27
3 24
5 21
8 15
8 28
10 27
11 20
12 32
12 33
14 20
14 34
14 36
15 25
15 28
18 27
22 33
23 37
27 29
27 28
28 37
29 37
45 89 83
1 24
1 17
1 11
1 22
2 17
2 26
3 36
3 38
3 26
4 39
4 22
4 42
4 12
4 30
4 16
4 5
4 25
4 31
5 6
5 26
5 25
6 36
6 25
6 9
7 20
7 18
7 35
7 45
8 31
8 35
8 44
10 43
10 39
10 31
11 16
11 18
11 38
11 33
12 28
12 16
12 22
12 37
13 42
13 18
13 29
14 18
14 25
14 31
15 30
16 38
16 23
17 43
17 39
18 43
18 36
18 41
19 38
19 32
19 31
20 21
20 22
20 28
20 41
22 25
22 38
23 43
23 24
24 35
25 45
26 37
27 30
29 37
29 33
30 33
30 44
30 32
31 42
31 32
31 38
32 34
34 40
34 35
36 42
36 41
37 41
38 41
39 43
41 44
41 43
1 16
1 18
2 19
2 29
2 35
3 41
3 23
4 8
4 42
4 41
4 22
5 26
5 35
5 42
5 27
6 13
6 15
7 29
7 28
8 40
8 22
8 35
8 42
8 44
8 16
9 39
9 15
10 13
10 34
11 30
11 37
11 23
11 41
11 39
11 20
12 25
12 27
12 33
12 17
13 37
13 39
13 42
13 35
14 31
15 33
15 40
15 18
15 37
16 37
16 21
16 38
17 44
17 18
18 41
18 21
18 22
18 19
19 40
20 30
20 43
21 27
21 29
22 40
22 32
24 36
24 33
25 32
26 41
27 33
27 31
27 45
29 35
30 43
30 44
33 34
33 36
34 36
34 37
35 39
36 40
37 45
37 44
38 40
55 95 77
1 42
1 17
1 18
2 40
2 15
2 12
3 45
3 47
3 5
3 4
3 46
4 29
4 9
4 39
4 30
4 20
4 19
5 30
5 31
6 18
6 19
6 38
7 19
7 9
9 13
9 15
9 34
9 44
9 54
9 22
9 27
9 50
10 52
10 49
10 23
10 39
11 24
12 37
12 20
12 28
12 49
13 48
13 21
13 40
14 33
14 43
14 45
15 41
15 44
15 49
15 37
16 32
16 43
16 40
17 40
17 18
17 35
18 27
18 26
18 37
18 39
19 21
21 24
21 49
21 52
22 37
22 30
22 40
24 55
24 30
24 36
25 46
25 26
26 28
26 31
28 29
29 30
29 52
30 42
30 40
32 52
34 41
35 40
37 39
37 47
38 45
38 46
39 44
40 42
40 53
40 44
42 50
43 46
46 54
51 55
2 26
2 50
3 54
3 30
3 32
3 42
4 17
4 16
4 52
4 31
5 54
5 21
5 31
6 18
7 20
7 17
7 16
8 12
8 50
8 27
8 37
9 43
9 16
11 19
12 22
12 39
13 39
14 22
15 52
15 45
16 41
16 28
16 18
17 41
18 51
18 54
18 36
19 27
19 26
19 23
20 47
20 53
21 47
21 22
21 45
22 24
22 50
23 42
24 52
24 26
24 32
25 34
26 32
26 48
27 55
28 34
28 48
29 47
29 55
29 45
30 42
31 50
32 53
32 39
35 43
35 46
36 39
39 43
40 50
40 51
42 46
44 46
45 47
46 51
47 49
52 55
53 55
51 67 102
3 10
3 12
4 16
4 40
4 25
5 8
5 25
6 22
8 12
8 13
8 19
8 50
8 11
8 36
9 50
9 36
10 31
10 16
11 36
11 16
11 34
11 29
12 23
12 51
13 19
13 42
13 51
13 31
14 38
14 36
15 51
17 37
17 25
17 33
18 27
18 38
19 33
20 51
20 22
21 44
22 27
22 32
22 41
22 25
23 29
24 37
25 45
26 42
26 45
26 39
26 50
27 31
27 34
27 43
28 48
30 43
30 39
30 45
30 51
31 50
32 48
32 50
34 50
35 38
36 47
37 41
48 49
1 8
1 37
1 26
1 40
1 18
1 46
2 51
2 6
2 14
2 45
3 7
3 39
3 42
4 32
4 20
5 47
5 27
5 13
5 50
5 25
6 31
6 11
6 40
6 17
6 33
7 15
7 24
7 9
7 14
7 12
7 44
7 40
7 36
8 38
8 20
8 25
8 17
9 18
9 15
9 35
9 19
10 23
10 26
11 16
12 38
12 33
12 20
12 15
13 37
13 23
13 35
13 31
13 25
14 20
14 46
15 39
15 37
16 45
16 17
17 23
18 45
18 22
19 20
19 50
20 49
20 33
20 24
21 26
21 30
21 34
21 49
21 28
22 41
22 26
23 34
23 35
24 25
24 45
25 49
25 48
26 49
26 29
26 47
28 46
28 35
30 33
32 39
33 41
33 44
35 45
35 41
37 45
37 41
39 51
40 51
41 44
41 43
42 45
43 48
45 47
46 47
48 50
92 120 123
1 82
1 87
1 37
2 16
2 12
2 64
2 56
4 82
5 11
5 28
5 16
5 13
6 13
6 18
6 10
7 43
7 46
7 60
7 89
8 27
10 14
10 44
10 17
10 84
10 59
11 25
12 34
12 64
12 80
12 82
12 25
13 23
14 31
14 32
16 41
17 51
17 58
17 31
18 28
19 74
19 73
21 29
21 57
22 49
22 51
23 29
24 86
25 84
25 46
25 31
26 52
26 29
26 88
27 89
28 80
29 41
29 77
29 59
30 89
30 40
31 57
32 69
32 91
33 76
33 81
33 65
34 42
35 85
36 82
36 69
37 64
37 67
37 92
39 70
40 42
40 55
41 88
43 60
44 92
45 83
45 74
45 79
46 58
46 87
47 74
47 84
48 60
48 61
50 58
50 80
50 83
52 61
52 64
53 92
53 85
53 83
54 64
54 86
55 66
55 77
60 79
62 64
62 75
64 69
64 71
65 67
66 83
67 68
67 88
68 92
70 76
72 90
75 91
76 92
77 91
84 89
86 87
89 92
90 92
91 92
1 58
1 61
1 80
2 34
2 46
2 24
3 85
3 50
3 33
4 30
4 16
4 35
5 35
5 86
5 41
5 38
6 85
6 16
6 64
6 87
7 10
7 29
7 35
7 28
9 64
10 68
11 85
11 82
12 68
13 68
13 69
14 57
14 23
14 87
14 64
16 52
16 38
17 27
17 60
17 42
18 23
19 20
19 72
20 61
20 43
20 83
20 90
21 49
21 74
23 83
24 28
27 74
28 60
28 59
29 89
29 86
29 74
30 50
31 83
31 50
31 55
31 67
31 86
32 46
32 43
33 47
34 41
34 88
35 51
35 68
35 77
36 47
36 78
37 78
37 68
37 86
38 70
38 54
40 45
40 62
42 89
42 59
43 56
43 63
44 86
45 51
45 91
46 91
46 83
47 62
47 89
48 52
49 74
49 75
50 65
50 68
50 88
51 78
52 78
53 77
53 75
54 66
55 87
57 65
58 72
59 86
59 73
60 79
63 90
63 69
64 86
64 82
64 75
66 76
67 77
68 74
71 83
71 86
73 78
76 87
77 89
80 89
87 88
33 25 42
1 23
2 27
3 33
6 27
8 31
8 23
9 14
10 17
11 33
11 25
12 27
12 18
13 29
14 30
15 26
15 25
15 19
16 27
20 27
20 30
20 21
24 31
25 26
26 27
28 30
1 15
1 14
1 18
1 20
1 6
2 10
2 8
3 12
3 10
4 23
4 9
4 26
4 21
4 15
5 26
5 27
6 7
7 11
7 25
7 29
8 27
8 23
8 9
8 18
9 27
9 23
9 22
9 17
10 11
11 22
11 21
12 17
15 25
16 17
17 33
17 24
18 26
20 33
21 23
23 28
27 29
31 33
86 166 56
1 4
1 67
1 71
1 27
1 18
1 44
1 3
1 2
2 26
2 16
2 66
2 59
2 40
2 18
2 17
3 38
3 46
3 35
3 74
4 25
4 67
5 33
5 82
5 7
5 6
5 18
5 32
6 16
6 73
6 48
7 20
7 81
7 11
7 50
7 15
8 59
8 58
9 85
9 28
9 54
9 34
10 56
11 19
12 30
12 31
13 53
13 80
13 14
13 32
13 84
13 85
14 36
14 58
14 41
15 45
15 50
15 80
15 78
15 59
15 57
16 18
16 50
16 76
17 73
17 49
17 23
18 49
18 37
19 29
19 74
19 27
20 81
20 62
21 49
22 86
22 42
22 34
23 74
24 80
24 28
24 54
24 82
25 26
25 69
25 38
25 85
26 62
26 38
26 35
26 51
27 83
27 30
28 41
28 74
29 52
29 65
30 47
30 70
31 43
32 54
33 48
33 46
33 72
33 74
34 69
34 45
35 83
35 73
35 40
36 55
37 38
37 39
37 71
38 78
38 62
38 72
38 48
38 51
39 66
40 54
40 59
40 58
40 44
40 75
40 79
41 42
43 60
43 67
43 72
44 76
44 60
45 49
46 82
48 70
49 74
49 60
50 71
53 76
54 82
54 80
54 79
55 78
55 67
56 60
56 58
58 60
58 72
58 67
58 84
58 83
59 70
61 66
61 80
63 72
64 85
65 71
66 83
66 85
66 67
67 78
67 84
68 84
74 85
75 79
78 85
79 80
1 62
3 72
5 42
6 30
7 54
7 48
8 20
8 56
8 47
10 51
10 41
11 44
12 71
12 65
13 55
13 36
14 55
14 66
14 58
15 38
16 85
17 78
18 58
20 75
23 32
23 74
25 41
25 63
26 62
27 43
27 45
28 82
28 69
29 72
31 79
37 50
39 81
39 85
41 63
41 59
42 78
42 70
44 71
46 54
48 75
48 85
50 75
50 72
52 63
53 80
54 56
55 67
57 83
63 79
77 85
81 82
87 93 103
1 76
2 6
2 44
2 10
4 27
4 17
4 73
5 50
5 13
6 31
7 26
8 25
8 82
8 87
8 69
10 21
11 84
11 36
12 13
12 21
12 45
13 50
14 72
15 69
15 64
16 79
16 47
16 50
17 84
17 70
17 85
19 25
19 74
19 23
19 76
19 85
20 39
20 79
21 33
21 44
21 51
22 59
23 58
23 76
24 38
26 43
26 47
26 87
27 29
28 42
29 66
29 86
29 40
31 70
31 44
32 52
32 47
32 60
32 43
33 66
34 81
34 57
35 73
35 84
35 65
38 83
39 76
39 49
39 73
40 49
41 54
41 57
41 58
43 56
46 74
47 56
50 87
51 52
51 86
53 68
55 66
58 82
59 72
59 79
60 85
61 72
64 70
65 73
67 82
69 83
75 82
75 78
82 84
1 81
2 27
3 39
3 40
3 63
3 38
4 29
4 56
5 48
5 45
5 70
6 27
7 17
7 18
8 38
8 24
8 14
8 31
8 49
9 70
9 56
9 81
10 25
10 49
10 17
10 72
10 24
10 59
11 50
11 49
12 54
12 69
13 82
14 79
15 87
15 42
15 77
16 71
16 67
16 48
17 73
18 69
19 59
19 44
20 26
20 61
20 34
21 34
21 64
22 46
23 63
24 51
24 61
25 56
26 50
26 35
27 57
27 81
27 71
29 66
29 36
29 77
29 63
30 60
32 47
32 43
33 42
33 79
33 78
34 72
34 48
37 68
39 77
39 44
39 40
40 63
40 83
41 75
42 61
43 53
44 67
44 72
44 47
44 73
45 55
48 82
48 57
49 72
50 57
50 66
51 61
54 85
54 75
61 72
62 63
63 64
63 78
66 73
76 80
76 83
78 85
79 83
85 87
18 29 22
2 4
2 16
2 7
3 4
3 12
4 17
4 13
4 12
5 17
5 15
5 8
5 7
5 6
5 9
6 11
6 17
7 8
7 13
8 15
9 11
9 13
10 18
10 16
10 15
11 15
11 16
13 14
13 17
15 18
1 15
1 5
2 11
2 12
3 6
3 16
4 10
5 17
5 12
5 16
5 18
6 13
6 18
6 16
7 11
7 17
8 18
9 17
9 11
12 17
13 15
14 16
81 73 42
1 80
1 22
1 32
1 53
2 4
2 38
2 57
2 47
2 49
3 22
3 47
3 30
4 17
4 55
4 61
5 28
5 31
5 80
6 62
6 12
7 39
8 9
9 72
11 79
11 72
11 69
12 76
13 47
15 27
15 19
16 55
17 31
19 78
19 58
20 45
21 59
23 49
23 24
23 26
25 64
26 56
28 44
29 53
29 61
30 59
30 47
30 45
31 51
34 46
34 79
36 66
36 54
37 81
38 40
38 54
39 80
39 74
39 59
40 69
40 80
41 52
41 74
45 75
45 74
48 73
50 59
53 78
55 72
57 66
65 73
69 72
70 71
71 78
3 80
3 12
3 52
3 7
3 28
4 52
4 22
6 81
7 64
8 79
9 49
9 39
10 51
11 45
12 21
12 43
12 68
15 18
17 29
17 45
18 23
19 70
19 38
21 59
23 30
26 50
27 54
27 73
27 42
30 70
30 37
35 70
37 60
41 58
45 59
46 70
49 55
51 63
54 61
56 70
61 78
71 73
18 26 26
1 15
1 11
1 2
2 14
2 9
2 11
3 17
3 4
4 15
4 12
4 9
4 7
6 10
6 9
7 18
8 18
8 16
8 9
9 16
9 15
10 18
10 13
12 16
13 17
14 16
16 18
1 8
1 13
1 2
1 9
1 17
1 3
2 17
2 6
2 4
2 16
2 13
3 9
3 16
3 17
3 12
4 16
5 14
7 8
7 16
8 9
8 14
9 13
9 16
13 15
15 18
16 17
25 38 49
1 12
1 14
1 18
2 5
2 10
2 3
2 19
3 6
3 4
3 9
3 15
4 20
5 19
5 13
6 14
6 7
6 22
6 8
7 23
8 24
8 14
8 25
9 21
11 14
12 14
13 20
14 22
15 18
16 24
16 23
17 19
17 18
18 20
18 23
19 20
19 25
19 23
22 24
1 22
1 24
1 13
1 12
2 24
2 8
3 11
3 6
3 25
4 15
4 10
4 21
4 9
5 22
5 8
5 18
6 12
6 15
6 17
6 25
6 22
6 23
6 10
7 12
7 23
8 20
8 15
8 23
9 11
9 13
10 25
11 23
11 20
11 22
12 13
12 23
13 23
14 21
14 17
14 16
14 25
14 23
15 17
16 23
16 25
18 23
19 23
20 24
21 22
58 106 57
1 49
1 7
1 37
2 19
2 35
2 58
3 33
3 25
3 16
3 15
3 53
4 46
4 9
4 23
5 51
5 57
5 40
6 51
6 7
7 17
8 41
9 31
9 32
10 39
11 44
11 50
11 19
12 48
12 43
13 15
13 37
14 29
14 26
14 36
14 49
14 52
14 23
14 28
15 30
15 53
16 21
16 46
17 36
17 46
17 47
17 51
17 39
17 37
18 42
18 22
18 46
18 49
18 28
19 35
19 20
20 44
20 46
20 50
21 32
21 29
22 32
22 34
23 39
23 28
23 37
23 42
24 36
24 50
24 33
26 45
26 55
26 41
26 52
27 50
27 42
27 53
27 58
27 29
27 35
28 31
28 46
28 38
28 41
30 49
30 36
31 43
31 45
31 58
32 55
32 41
33 34
33 44
33 50
34 40
37 50
37 54
38 52
40 45
42 51
43 55
43 58
44 51
46 56
48 54
48 55
49 54
1 53
1 58
2 23
3 41
3 11
3 46
3 10
3 23
3 15
4 23
6 10
6 13
6 44
7 47
7 42
7 22
7 53
7 37
7 57
8 17
9 11
9 41
9 49
9 12
10 11
10 43
12 39
12 41
14 43
14 17
14 16
15 25
15 28
16 50
16 19
16 26
17 47
18 34
18 25
19 49
20 30
22 44
24 26
25 26
28 51
29 35
32 57
32 34
33 48
36 41
36 55
36 49
37 55
38 58
39 51
45 52
47 57
46 73 46
1 42
1 28
2 40
2 42
2 23
2 34
2 37
3 8
4 32
4 6
4 44
4 21
4 46
5 38
5 36
5 10
6 26
6 17
6 32
6 45
7 17
8 29
9 44
9 20
9 46
10 32
10 27
11 13
11 35
11 23
12 24
13 33
13 30
13 35
13 43
13 17
13 18
13 36
14 45
14 23
14 43
14 28
15 40
15 17
16 20
16 19
16 41
16 31
17 45
17 42
17 27
17 39
18 46
20 42
21 29
21 35
21 23
21 36
22 31
23 37
24 40
26 33
27 39
27 40
30 33
31 33
34 40
35 36
36 40
38 42
38 39
38 44
41 42
1 10
2 11
2 18
2 29
2 22
2 27
3 19
3 22
3 13
4 42
4 32
5 18
5 23
6 14
7 43
8 33
8 41
9 43
9 24
9 17
10 40
10 44
10 37
10 26
11 36
12 13
13 30
13 37
14 29
16 19
17 45
18 46
19 44
19 34
19 36
21 45
27 34
27 28
34 38
34 44
35 42
36 46
38 41
39 41
40 41
42 46
41 74 81
1 37
2 20
2 31
2 25
3 5
3 39
4 10
5 29
6 33
6 23
6 37
6 16
6 22
7 35
7 9
8 22
8 13
8 29
9 17
10 35
10 14
10 26
11 31
11 27
12 27
12 34
12 32
12 20
12 39
13 31
13 37
13 16
13 36
14 24
14 18
14 16
15 21
15 39
15 29
15 23
16 35
16 18
17 28
18 22
18 25
18 27
18 19
19 30
19 26
19 27
20 32
20 35
20 22
21 34
21 24
21 40
21 25
22 36
22 34
22 32
22 23
24 27
25 32
25 34
27 29
28 31
28 34
29 35
29 30
32 33
35 37
36 41
36 39
36 38
1 4
1 33
1 11
1 17
1 34
2 35
2 38
2 12
2 13
3 26
3 40
3 12
3 22
4 32
4 17
4 20
4 21
4 12
4 14
5 9
5 38
6 36
6 11
7 29
7 20
7 16
8 16
8 23
8 28
8 26
10 22
10 28
10 37
12 18
13 16
13 41
13 19
14 29
14 23
14 33
15 20
16 20
16 41
17 29
18 35
18 33
18 37
18 19
19 40
19 35
19 36
20 35
21 38
21 34
21 33
21 29
22 31
22 30
23 26
23 25
24 28
25 34
25 33
26 30
26 39
27 36
28 34
28 35
28 30
28 33
29 41
30 31
31 37
31 40
33 38
34 37
36 39
36 40
37 38
37 40
38 41
50 28 44
1 35
1 10
3 49
3 15
4 43
5 43
5 44
5 11
6 20
7 48
8 49
8 25
9 24
11 34
12 31
12 33
13 41
22 37
23 48
24 37
25 29
30 48
34 50
36 42
40 44
46 49
48 50
49 50
2 17
2 48
2 12
3 16
3 32
4 47
4 11
5 49
5 39
6 18
6 7
6 14
6 16
7 46
8 38
9 45
9 22
9 11
9 12
10 40
10 19
10 27
11 40
12 28
17 20
18 21
19 33
19 25
20 30
21 39
25 46
25 38
26 48
27 42
27 41
28 40
28 46
29 42
30 32
30 45
34 42
36 44
42 48
45 48
74 79 68
1 52
1 49
1 70
2 50
3 30
5 44
5 8
5 58
6 39
6 34
7 9
8 55
8 32
8 72
9 54
9 63
9 46
11 65
11 29
12 18
13 69
13 44
13 19
13 18
14 40
16 67
17 61
17 42
19 52
19 37
20 66
21 23
22 52
22 57
22 30
23 32
23 24
24 64
25 32
25 42
26 58
26 34
26 35
27 68
27 67
28 51
28 58
28 70
28 35
29 41
30 65
32 56
32 66
32 70
32 45
35 42
35 49
35 48
36 66
38 43
39 57
40 73
40 51
40 61
42 59
43 49
47 61
48 54
48 65
51 70
54 57
56 60
57 61
58 62
68 74
68 70
69 73
70 74
70 72
1 33
1 19
1 46
1 61
2 67
4 50
4 26
6 36
6 47
8 25
8 73
9 52
9 30
9 64
10 16
10 56
11 72
11 28
11 23
12 58
12 68
14 48
14 18
15 27
15 59
15 48
16 63
16 34
17 69
17 35
18 38
18 74
18 73
18 61
19 23
19 41
19 63
20 29
21 66
21 38
23 46
25 43
25 35
29 33
32 71
33 47
34 58
34 52
36 62
36 40
37 48
38 58
38 49
40 71
41 58
42 68
43 62
45 68
45 59
47 66
49 71
50 63
52 67
56 64
58 61
60 65
64 66
67 70
91 147 63
1 21
1 57
1 86
2 46
2 39
2 89
2 20
2 74
3 17
3 9
4 74
4 33
4 23
4 54
4 14
5 77
6 42
6 35
6 10
6 17
6 28
8 25
8 73
9 52
10 16
10 35
10 41
11 38
11 64
12 20
12 58
13 64
13 25
14 72
14 42
15 43
15 50
15 17
16 50
16 67
16 59
17 74
17 76
17 39
17 50
17 31
18 91
18 84
18 81
18 45
19 89
19 58
19 91
19 64
20 73
21 73
22 41
23 45
23 37
23 91
23 59
24 86
24 87
25 44
25 39
26 81
26 41
27 43
27 73
28 42
28 60
29 54
29 83
29 62
30 87
30 35
30 69
30 75
32 46
32 54
32 53
33 54
33 51
33 43
34 80
34 69
35 49
36 47
36 46
36 82
36 85
38 74
38 90
39 70
39 80
40 58
40 87
41 49
41 89
42 44
43 87
43 83
43 51
45 59
47 60
47 50
47 55
47 78
47 70
48 64
49 75
49 61
49 60
50 90
50 69
51 59
51 56
51 80
52 67
53 85
53 75
54 66
54 71
55 79
55 82
56 80
57 59
58 79
59 90
61 74
62 68
62 64
64 80
65 90
67 88
69 88
70 85
71 89
71 76
72 76
73 85
78 82
78 86
79 82
80 82
82 86
87 89
1 19
2 42
2 19
2 70
4 12
4 17
6 58
7 71
8 70
9 90
9 24
10 65
11 58
13 17
14 59
14 38
14 24
15 50
15 69
15 80
16 80
16 84
17 86
18 62
19 34
19 53
20 43
20 79
20 46
23 59
24 85
24 80
25 29
25 77
26 50
28 74
28 45
29 78
30 84
35 86
36 39
39 53
40 81
40 90
41 75
43 68
43 70
46 86
57 82
58 78
61 90
61 88
62 81
62 79
63 66
63 80
65 79
67 78
67 91
68 80
70 88
77 86
87 91
39 58 67
1 25
1 8
1 2
2 11
2 10
3 37
4 33
4 20
5 37
6 12
6 22
6 11
6 8
7 13
7 36
8 35
8 37
9 21
10 24
10 23
10 35
11 14
12 28
12 29
14 36
15 26
15 29
15 32
16 30
16 21
16 26
17 39
17 26
18 30
19 24
19 25
19 26
19 22
21 36
21 27
22 36
22 35
23 31
23 24
26 32
28 31
29 34
29 38
30 31
30 36
31 33
32 34
32 35
33 34
33 36
33 37
34 39
37 38
1 10
1 8
2 13
2 15
3 5
3 9
4 12
4 22
4 37
5 9
5 16
5 33
6 27
7 25
7 29
7 16
8 33
8 37
8 10
8 23
8 20
8 9
9 10
9 14
9 21
9 16
10 30
10 28
11 35
12 35
12 33
12 14
12 26
13 27
14 29
14 20
14 15
15 25
16 29
16 26
16 34
16 17
16 38
17 25
17 20
17 36
19 32
19 36
20 39
20 25
20 23
20 24
21 27
21 28
21 31
22 29
23 36
25 38
25 29
26 30
27 29
29 39
29 38
29 31
31 35
35 38
36 39
69 113 99
1 14
1 26
1 13
2 60
2 34
2 50
3 63
3 47
3 44
3 32
4 12
4 49
4 40
5 18
5 53
5 12
6 53
7 11
7 54
7 18
7 39
7 22
7 16
7 68
8 33
8 62
8 29
8 31
9 58
9 63
9 12
10 34
11 40
11 47
11 17
11 25
12 14
12 63
12 19
13 66
13 60
13 52
14 65
14 52
14 40
15 62
15 47
16 59
16 24
16 38
17 66
17 68
19 58
20 40
20 34
20 39
21 54
22 34
23 37
23 32
23 63
24 61
25 40
25 60
26 68
26 27
26 36
27 66
27 29
27 43
28 37
28 69
30 33
31 32
31 40
31 57
32 39
32 55
33 68
33 53
33 65
34 52
34 65
34 43
35 55
36 42
36 57
37 50
37 54
39 55
39 40
39 41
39 44
39 58
40 61
40 62
42 46
43 68
44 58
45 56
46 57
47 55
48 60
50 66
51 53
55 65
56 59
57 62
57 67
62 66
63 67
65 68
66 69
1 30
1 19
2 49
2 36
2 31
2 17
2 65
2 68
2 44
2 56
2 11
2 50
3 41
4 56
4 6
4 60
5 7
5 34
5 19
7 55
7 13
9 56
9 13
9 60
10 51
10 58
10 21
11 64
12 49
13 46
14 30
14 66
16 58
18 41
18 61
19 23
20 65
20 69
21 37
21 48
21 53
21 59
21 56
21 69
22 28
23 26
23 41
23 59
24 38
24 39
25 54
25 58
25 31
25 29
26 46
26 57
27 42
27 28
28 39
28 31
28 53
28 49
29 35
29 68
30 68
31 56
32 61
32 68
32 57
32 42
32 60
33 40
34 55
34 58
35 64
37 59
38 63
39 63
39 69
39 66
39 45
41 45
41 44
42 64
42 69
43 56
45 63
47 57
47 69
48 59
49 55
49 64
50 65
53 63
53 60
55 60
56 59
57 60
59 68
96 160 69
1 42
1 49
1 93
1 10
1 62
1 35
3 27
3 10
3 94
4 64
4 30
4 40
4 24
6 30
6 85
7 42
7 52
7 60
7 25
7 51
8 91
8 87
9 69
9 44
11 44
11 96
11 53
11 77
11 70
11 26
12 95
12 40
12 80
13 53
13 71
14 51
14 15
15 59
15 95
15 26
15 46
15 64
16 22
16 58
16 51
16 34
16 36
16 66
17 56
17 63
18 24
18 60
18 34
19 90
19 75
20 69
20 75
21 63
21 24
21 60
21 84
22 66
23 72
24 49
24 85
25 66
25 95
25 71
25 87
25 30
26 86
26 67
26 39
26 66
26 49
27 77
27 85
27 80
27 38
27 88
27 32
28 52
29 31
29 77
30 93
30 37
31 68
31 53
33 51
33 93
34 46
34 79
34 51
35 82
35 74
36 40
36 66
36 93
37 68
37 80
38 71
38 42
38 83
39 87
39 78
40 93
40 65
40 57
40 56
41 96
42 52
42 61
42 96
43 73
43 87
43 67
43 89
43 74
43 45
44 76
44 78
44 63
45 46
46 54
47 77
47 59
49 52
49 67
50 76
50 79
50 92
50 68
50 52
51 92
51 67
51 72
51 88
52 92
53 71
54 55
55 81
58 91
59 84
59 74
59 81
60 95
60 65
61 69
61 73
62 74
63 96
63 71
67 83
67 76
68 93
70 86
75 96
76 90
78 94
92 95
1 62
2 93
2 3
2 25
3 72
3 62
4 96
5 6
6 56
6 70
6 67
7 28
8 75
8 61
9 91
9 56
9 87
10 86
10 35
12 75
12 17
13 87
13 20
15 74
18 73
18 28
19 50
20 51
20 90
21 34
21 42
22 26
22 36
23 51
23 58
23 93
24 83
25 27
25 66
27 50
27 75
28 85
30 50
32 59
34 85
35 90
36 45
41 61
42 54
44 45
45 70
52 68
52 86
55 74
57 87
60 65
60 74
60 85
61 94
64 67
65 89
71 80
72 75
73 91
74 84
75 80
77 78
78 94
78 84
19 11 36
1 16
1 18
2 15
3 9
4 11
5 10
6 15
7 9
9 13
13 19
15 19
1 2
1 4
1 18
1 7
2 10
2 15
3 17
3 19
3 9
4 5
4 19
4 10
4 15
4 13
4 14
5 7
5 11
5 14
5 8
6 14
6 13
7 14
9 12
9 10
10 11
10 18
10 13
11 13
12 15
13 16
13 14
14 18
14 15
14 19
16 18
17 19
27 40 45
1 20
1 17
2 15
2 22
2 5
3 9
3 19
3 8
3 13
3 4
3 6
4 22
4 11
4 27
4 23
5 25
5 26
5 24
5 14
5 12
6 26
6 7
6 17
6 18
7 20
7 24
8 11
9 20
10 15
10 24
12 22
12 19
13 18
13 14
13 22
16 25
17 19
19 27
19 26
20 23
1 10
1 16
1 18
2 16
3 12
3 24
3 10
3 15
4 7
4 12
5 13
5 15
6 9
6 7
6 19
6 11
7 10
8 22
8 13
8 9
9 17
9 18
9 13
11 27
11 23
12 22
14 18
14 25
14 16
16 21
16 18
16 27
16 19
16 17
16 26
17 20
17 18
19 24
20 26
20 25
22 24
23 24
24 27
25 27
26 27
75 137 117
1 71
2 71
2 36
3 11
5 48
5 46
5 54
5 42
5 25
5 29
5 13
6 23
6 53
7 8
7 45
7 16
7 43
8 59
9 17
9 35
9 24
10 14
10 19
10 29
11 51
11 41
11 26
11 31
11 19
11 39
12 16
12 45
12 58
13 29
13 63
14 44
15 31
15 40
16 72
16 51
16 40
17 57
17 39
17 63
18 19
18 34
19 69
19 66
19 43
19 26
19 24
19 34
20 30
20 43
21 68
21 46
21 59
21 28
21 73
22 53
22 52
22 45
22 44
22 33
22 37
23 33
23 41
24 25
24 39
25 32
26 54
26 27
26 39
26 47
26 29
26 63
27 39
27 34
28 30
29 74
30 66
30 39
31 52
31 33
31 35
32 39
32 52
32 67
33 55
34 36
34 37
35 37
35 64
35 38
36 69
36 39
37 52
37 58
37 54
37 67
37 65
37 60
40 60
42 54
43 55
43 46
44 56
44 49
45 65
46 59
46 57
47 60
47 71
48 61
50 60
50 63
51 56
52 75
53 68
55 63
55 69
55 75
56 59
56 64
57 75
57 69
57 70
58 74
59 63
59 72
60 70
60 65
61 68
63 67
65 73
66 72
69 73
1 21
1 6
1 34
1 52
1 13
1 33
1 59
2 6
2 25
2 34
2 37
3 40
3 71
4 16
4 74
4 8
5 62
5 12
5 20
5 75
5 31
5 61
6 21
6 20
6 11
7 49
7 25
7 11
8 25
8 64
9 30
10 65
10 13
11 70
12 40
12 42
14 62
14 21
14 47
15 35
15 57
16 45
16 44
16 49
16 52
17 31
17 20
17 68
17 59
18 32
19 69
19 23
19 48
20 60
20 48
20 39
20 49
21 60
21 25
21 43
22 52
22 59
22 72
22 65
23 53
25 62
26 64
26 36
26 54
27 30
28 46
31 61
31 47
31 38
32 54
32 52
34 57
36 67
36 44
36 40
36 51
37 49
38 55
39 60
39 67
39 44
39 63
40 55
40 73
40 61
41 67
42 44
43 73
43 45
43 62
44 47
44 54
45 63
46 60
46 75
46 55
47 59
48 72
49 73
50 61
50 54
50 65
51 61
52 54
53 54
59 64
60 64
61 74
63 70
66 75
68 70
74 75
64 81 85
1 57
1 56
1 3
2 49
3 10
3 58
3 36
4 5
4 12
4 61
5 18
5 56
5 9
6 46
7 22
8 20
9 24
9 39
10 54
10 55
10 38
11 35
12 39
12 46
12 17
14 52
14 32
14 25
14 19
15 32
15 36
16 49
16 32
16 54
17 62
17 52
18 64
18 45
18 55
19 44
19 55
20 26
20 31
22 64
22 45
23 41
23 50
24 51
24 56
24 40
25 53
27 62
27 54
28 41
28 37
29 45
29 64
30 43
31 45
32 52
33 53
34 64
34 40
35 49
35 48
35 36
35 41
39 42
39 40
40 52
45 62
45 64
45 53
47 55
50 55
50 61
51 58
52 58
54 64
55 59
63 64
1 4
1 34
2 26
2 20
2 49
3 42
4 49
4 40
5 15
5 61
6 33
6 13
6 20
6 25
7 8
8 17
8 20
9 23
9 36
9 32
11 38
12 21
12 47
13 14
13 60
13 31
14 30
14 63
15 34
15 45
15 40
18 50
18 31
19 24
19 40
19 63
20 25
20 24
21 52
22 31
23 42
23 27
23 57
23 33
23 26
23 25
25 57
26 51
26 34
26 55
26 62
26 44
27 55
27 56
27 42
28 63
28 50
30 41
31 32
31 42
32 41
33 43
33 52
34 43
35 40
36 48
38 64
38 56
38 43
39 42
40 45
40 53
40 52
41 49
41 56
41 53
42 44
43 55
43 54
49 50
50 53
52 64
54 55
54 63
60 63
31 57 30
1 10
1 19
1 7
1 9
1 26
1 16
2 3
2 22
2 21
3 4
3 6
3 24
3 27
3 18
3 7
4 6
4 12
4 25
5 31
5 18
5 21
6 24
7 27
7 16
7 10
7 9
7 22
7 14
8 22
8 13
8 25
10 25
10 27
12 31
12 27
12 21
13 31
14 17
14 29
15 25
16 25
16 17
16 30
16 23
17 28
17 31
18 23
20 29
20 31
23 24
23 31
24 26
24 25
25 26
26 28
27 30
29 31
1 21
1 22
3 8
3 18
4 5
4 31
4 9
4 17
5 31
5 21
6 24
6 22
6 26
7 16
7 23
7 13
9 24
10 27
10 16
10 28
11 22
18 28
19 24
19 25
20 25
22 31
25 26
27 29
29 30
29 31
35 21 43
1 22
1 23
1 10
3 28
3 4
4 32
5 18
9 11
9 15
13 23
14 23
14 30
14 15
15 16
19 35
20 21
21 24
22 23
22 34
29 33
30 31
2 17
3 33
3 11
4 20
4 9
4 29
5 34
6 21
6 23
7 35
9 28
10 11
10 30
10 16
11 22
11 14
11 15
12 24
12 25
13 35
13 24
13 30
13 18
15 31
15 20
15 21
15 28
15 30
16 22
16 24
17 34
18 19
18 24
19 25
19 31
24 27
25 34
25 30
25 28
25 29
26 33
26 29
27 34
32 18 62
3 14
3 31
4 11
4 10
4 20
8 29
9 27
9 19
9 32
9 18
13 18
13 20
14 21
17 29
22 24
22 25
24 32
28 29
1 20
1 18
1 29
2 18
2 12
2 7
3 15
3 7
3 11
3 22
3 32
4 22
4 12
4 6
4 18
4 8
4 28
4 16
4 7
5 7
5 26
5 18
6 7
7 26
7 22
7 10
8 24
8 19
8 28
8 15
8 29
9 14
9 26
9 31
9 18
10 12
10 16
10 22
10 19
10 11
12 24
12 17
12 25
12 16
13 26
13 22
13 21
14 28
14 17
14 18
15 19
16 19
17 31
20 31
20 24
20 30
20 32
21 29
21 31
25 28
27 32
28 30
24 43 22
1 8
1 18
1 4
1 6
2 24
2 11
2 6
3 18
4 15
4 9
4 13
5 12
5 11
5 10
6 23
6 19
6 10
6 7
7 22
8 13
8 11
8 10
9 21
9 18
9 22
9 23
9 10
9 14
10 21
10 22
10 23
10 16
12 21
13 17
13 15
14 17
15 17
16 23
16 20
17 19
21 24
21 23
22 23
1 6
1 10
1 18
1 19
2 19
2 24
2 8
3 17
3 24
4 5
4 15
6 9
10 13
11 13
12 13
12 14
13 14
13 22
14 22
15 16
21 23
23 24
39 31 33
1 9
1 36
2 32
3 33
4 18
5 20
7 16
8 20
9 26
11 20
11 37
12 19
14 36
15 27
15 29
16 31
17 37
18 30
19 33
20 35
21 38
21 34
21 30
23 25
23 38
24 32
25 27
28 36
28 31
29 30
31 33
2 27
3 8
5 21
5 33
5 17
5 14
6 35
6 38
6 18
6 12
7 14
8 20
8 11
8 38
8 18
9 16
9 28
9 23
10 31
11 20
12 30
12 39
12 34
14 39
17 20
17 30
17 35
19 28
21 32
22 31
26 35
26 38
27 33
46 54 35
1 27
1 7
1 39
1 4
2 39
2 29
3 5
4 38
4 16
6 10
6 15
6 19
6 32
6 29
7 40
8 43
8 13
8 44
9 29
10 41
10 33
10 39
11 28
12 16
13 40
13 35
13 27
14 17
14 34
14 21
15 38
15 28
16 39
17 33
19 34
19 39
20 24
20 22
20 25
22 43
22 23
23 36
23 35
23 45
23 38
23 41
25 28
28 30
29 37
32 38
32 39
33 40
37 46
44 46
1 8
1 4
2 45
4 9
5 34
5 25
7 9
8 40
10 15
12 33
12 25
13 14
13 19
13 35
15 29
15 17
16 22
17 33
18 33
20 30
21 46
24 45
26 32
27 34
27 32
28 44
30 35
32 34
32 38
33 43
35 44
36 37
37 38
38 43
43 45
64 48 81
1 33
2 46
2 21
3 63
5 25
5 53
5 23
5 28
7 23
8 17
8 35
8 42
9 16
9 62
9 41
12 14
12 39
12 63
12 59
12 30
12 53
13 29
13 64
14 15
15 29
16 18
18 30
19 57
19 41
21 60
21 42
23 26
23 41
24 59
26 47
28 45
30 34
31 60
34 43
34 48
40 48
41 63
42 50
44 53
46 48
47 49
53 55
56 57
1 62
2 13
2 9
3 29
3 52
4 42
4 40
5 37
5 19
6 35
7 49
9 20
9 10
9 31
10 53
10 60
10 63
11 31
11 44
12 16
12 47
12 42
12 29
13 39
13 16
13 19
13 25
14 47
14 22
15 23
16 64
17 45
17 40
17 18
18 40
18 33
18 61
19 40
21 36
21 49
22 60
24 61
24 36
24 35
24 52
24 48
25 54
25 40
26 51
27 61
28 32
28 42
29 50
30 37
31 39
31 44
33 35
34 40
35 52
35 42
35 64
36 62
36 63
37 63
39 61
39 53
39 43
40 58
43 44
44 59
44 52
44 60
45 56
46 55
48 61
49 63
49 50
51 63
52 54
56 61
61 64
19 35 12
1 19
2 9
3 11
3 19
3 10
4 17
4 5
4 8
4 6
5 11
5 10
5 17
5 19
5 7
5 13
6 16
6 18
6 14
6 7
7 16
7 8
8 19
8 12
9 18
9 10
10 16
12 17
12 15
12 19
13 15
13 14
14 17
15 17
16 17
18 19
1 3
1 9
1 16
2 18
3 10
6 9
6 17
9 15
10 11
11 19
11 13
15 19
81 133 81
1 44
1 6
1 25
3 32
3 66
3 31
3 19
4 29
4 14
4 66
5 61
5 51
5 37
5 17
6 27
6 20
8 54
8 45
8 40
8 70
8 72
8 50
9 29
10 15
10 57
10 65
10 30
11 21
12 56
12 61
12 18
13 40
13 77
13 20
13 61
13 25
13 21
13 53
14 72
14 43
14 16
15 16
16 36
16 26
16 55
16 44
16 63
17 41
17 36
17 69
18 20
18 67
19 49
19 32
19 33
20 55
21 42
22 32
22 30
22 47
22 43
22 39
23 79
23 47
24 64
25 74
25 35
26 47
26 62
27 48
27 71
27 45
28 36
31 51
31 76
32 79
32 61
32 47
32 35
32 67
34 67
34 80
34 43
35 75
35 76
35 46
35 62
36 58
37 43
37 58
37 68
40 55
40 61
40 74
41 60
41 69
42 53
42 59
44 57
45 70
45 48
46 56
48 62
48 69
48 64
49 70
49 58
49 66
53 56
54 59
55 66
56 59
57 66
57 74
57 70
58 61
58 80
59 77
60 67
62 69
63 78
63 76
64 78
65 69
68 72
70 78
70 75
71 75
72 81
73 79
73 80
75 81
76 80
1 71
1 47
1 16
2 16
3 77
4 36
4 60
6 72
6 71
6 79
6 23
7 60
7 35
7 33
7 31
8 58
8 41
8 65
9 27
9 77
10 70
10 72
10 58
10 60
11 18
12 18
12 72
12 67
13 61
13 37
14 64
14 57
15 63
15 72
16 69
16 75
16 22
17 48
17 65
20 39
20 44
21 32
22 43
22 78
23 33
24 36
25 62
25 80
26 32
27 56
27 68
29 47
29 35
29 62
30 33
30 46
31 64
32 77
33 50
34 51
34 65
36 44
38 69
38 64
39 50
39 60
40 58
40 41
42 49
44 55
45 58
48 70
50 61
51 66
53 54
53 71
58 59
61 75
64 81
66 72
73 77
31 45 31
1 12
1 17
2 23
2 17
2 28
3 26
3 7
3 19
4 27
4 21
5 29
5 8
5 26
6 31
6 25
7 28
7 23
8 14
8 29
9 18
10 23
11 26
11 18
12 20
12 18
13 20
13 22
14 28
14 24
15 25
15 26
16 18
17 18
17 29
17 28
20 29
20 24
22 24
22 26
23 29
23 26
23 30
26 29
29 31
30 31
1 31
2 4
2 7
2 20
3 22
3 26
3 20
3 23
4 17
5 15
5 21
6 29
6 21
6 14
7 14
7 21
8 22
10 17
11 30
11 12
12 27
13 20
15 28
15 21
16 17
16 23
17 31
17 25
19 26
21 23
21 31
94 181 171
1 57
1 6
1 28
2 26
3 63
3 14
4 56
4 72
4 87
4 48
5 9
5 80
5 58
5 90
5 74
5 13
6 56
6 63
6 72
6 46
7 28
7 10
7 46
8 70
8 29
8 84
8 56
9 43
9 50
9 54
9 58
9 48
9 61
9 10
9 42
10 11
10 24
10 89
10 26
11 20
12 64
12 45
12 54
12 72
12 32
12 40
12 58
13 19
13 57
14 89
14 32
14 78
14 65
15 84
15 76
15 41
15 60
15 49
15 52
15 63
16 91
16 32
16 74
16 80
17 38
18 73
18 44
18 79
18 89
18 28
18 51
19 61
19 33
20 48
20 55
21 74
21 36
22 31
23 82
24 56
24 94
24 28
24 69
24 64
24 47
25 26
25 52
26 72
26 31
26 40
26 65
27 32
27 40
27 30
27 54
27 64
28 51
28 90
28 32
30 58
30 67
31 52
34 59
34 35
35 53
35 41
35 94
35 56
36 70
36 79
36 87
38 42
38 50
38 92
38 39
38 59
39 65
39 82
40 60
40 52
40 81
40 49
40 75
41 65
41 47
41 55
41 87
42 73
42 87
43 62
43 81
43 85
43 88
44 53
45 72
45 64
46 51
46 83
46 77
46 74
48 86
48 64
49 59
49 73
50 61
50 53
50 87
50 63
51 66
53 73
54 75
54 56
55 62
55 58
55 59
56 85
57 74
60 90
60 62
61 62
61 80
62 91
62 75
62 66
64 78
68 74
68 82
69 86
70 84
71 82
71 78
72 83
74 94
75 91
76 84
77 88
77 94
78 84
79 80
80 87
83 86
1 8
1 61
2 28
2 56
2 79
2 19
3 45
3 32
3 12
3 24
4 15
4 81
4 85
4 21
4 49
5 82
5 84
5 12
5 9
5 91
6 57
6 71
6 92
7 72
7 14
7 60
7 69
7 67
8 68
8 43
8 65
8 29
10 21
10 63
10 43
10 48
11 46
12 54
12 68
13 14
13 67
13 44
13 31
13 23
14 79
14 59
14 46
16 36
16 46
17 72
18 26
18 37
18 47
18 65
19 66
19 53
19 43
19 51
20 44
20 22
21 79
21 58
22 26
22 44
22 29
22 40
22 84
23 70
24 75
24 56
26 59
26 58
26 75
27 63
27 88
27 36
28 39
29 66
29 34
29 44
30 49
30 45
30 67
30 47
30 58
31 89
31 43
31 85
31 68
31 64
32 50
32 88
33 54
34 83
35 38
36 78
36 88
36 61
37 59
37 43
37 55
37 65
38 41
38 92
39 66
39 70
39 86
39 78
40 74
40 86
40 58
41 70
41 73
41 79
42 88
42 85
42 77
42 71
43 88
43 53
43 59
43 48
43 62
44 91
44 61
45 82
45 85
45 71
46 83
46 66
47 48
48 56
48 82
48 83
48 90
48 74
50 78
51 80
51 69
53 82
53 76
55 71
55 65
55 86
56 73
56 57
58 82
59 91
59 67
59 83
60 90
60 77
62 76
62 67
62 89
63 73
64 75
65 91
65 83
65 75
67 88
70 79
71 94
72 93
74 88
74 83
78 92
81 88
82 83
85 91
90 94
36 24 61
1 5
2 8
3 32
3 11
5 32
6 19
6 12
8 14
9 11
10 21
11 30
12 20
12 28
14 19
14 35
16 22
16 18
16 31
17 26
17 36
18 35
21 30
24 30
32 35
1 12
2 20
2 26
2 25
2 15
3 27
3 23
3 34
3 17
4 16
4 20
4 28
4 18
5 32
5 17
5 15
5 20
5 22
6 28
6 21
6 33
6 18
6 20
7 33
7 8
8 28
9 26
9 23
10 32
10 18
10 25
11 34
12 16
12 21
12 35
13 22
13 32
13 33
14 18
15 30
17 32
17 21
17 25
17 24
17 30
18 28
18 20
19 25
19 32
20 34
20 33
21 36
24 32
24 26
24 28
25 26
26 34
26 27
28 34
31 32
31 34
20 28 13
1 10
1 12
2 20
2 18
3 5
3 8
3 6
4 16
4 11
4 5
5 6
5 11
5 7
6 20
7 10
7 8
7 12
7 11
8 10
9 18
9 14
9 20
11 15
15 16
16 20
16 18
17 18
17 19
1 14
2 8
2 10
4 7
6 20
7 16
7 13
9 15
10 13
10 17
10 18
11 19
11 18
43 42 64
1 20
1 12
2 7
3 39
5 22
5 43
6 29
7 35
7 43
8 23
8 40
8 21
9 27
9 40
10 24
10 40
11 39
11 13
13 31
13 30
13 32
13 37
14 26
14 25
15 32
15 20
17 29
17 26
17 41
18 27
18 31
20 41
20 38
21 23
24 28
24 27
24 37
25 40
28 39
31 42
32 35
33 39
1 43
1 2
2 39
3 6
3 27
3 4
4 34
4 41
4 10
4 27
4 14
4 24
4 23
5 26
5 15
5 36
6 35
6 28
6 30
6 26
7 21
7 36
7 26
8 24
8 30
8 25
8 28
8 38
9 35
10 41
12 23
12 27
14 41
14 22
15 34
15 20
16 24
16 35
17 42
17 30
17 28
19 43
19 33
20 37
20 26
20 28
21 42
22 34
24 31
24 41
26 30
26 29
27 41
28 36
28 29
30 39
30 42
31 37
31 36
32 33
32 34
33 42
34 38
39 41
65 37 109
1 17
1 64
2 65
2 24
3 51
4 10
5 38
5 57
9 17
11 31
11 54
12 22
13 26
13 38
14 65
16 63
16 61
17 40
19 22
19 36
19 55
21 56
22 57
22 35
23 39
25 53
26 49
27 32
27 59
28 29
30 50
30 36
37 65
42 54
50 52
50 63
53 59
1 23
1 32
1 17
1 55
2 23
2 26
2 53
2 62
2 50
3 21
4 60
4 50
5 23
5 29
5 60
6 11
6 57
6 34
6 50
6 39
6 28
7 60
7 44
7 52
7 55
8 57
8 19
8 51
9 19
9 32
9 54
9 10
10 53
10 20
10 11
11 38
11 46
12 28
12 20
12 42
12 64
12 26
13 37
13 36
14 45
14 44
15 61
16 48
16 32
16 29
18 52
18 39
18 49
18 47
19 22
19 56
20 52
20 31
20 61
20 32
22 29
23 60
24 40
25 29
25 57
25 65
25 62
27 53
27 50
27 37
28 36
28 46
28 63
29 42
29 54
30 52
32 36
33 40
33 48
34 64
34 41
35 53
35 46
36 63
36 46
36 43
37 61
38 42
38 41
38 49
38 57
39 44
39 56
39 63
39 64
40 48
40 47
41 46
42 49
42 62
45 60
45 48
46 54
47 60
47 62
50 56
52 56
55 62
62 63
14 17 7
1 10
1 12
2 6
2 14
2 10
3 9
3 4
4 9
5 9
5 6
5 13
6 7
6 14
7 12
10 12
10 14
11 13
1 5
3 5
4 13
5 9
7 9
7 12
13 14
55 58 102
1 11
3 50
3 35
4 9
4 42
5 15
5 39
5 17
6 31
6 14
6 37
6 11
7 12
8 18
8 10
9 27
9 51
10 35
10 31
10 38
11 39
11 28
12 44
13 37
13 26
15 34
16 18
17 36
18 51
20 33
22 27
22 32
23 51
23 45
24 50
24 36
25 44
25 52
26 39
26 29
26 33
27 31
30 50
31 43
32 33
32 44
33 50
33 53
33 49
35 50
36 49
36 38
38 55
39 41
42 49
43 53
45 55
46 51
1 4
1 2
1 27
1 6
2 32
2 52
2 10
3 21
3 23
4 27
4 8
4 44
5 16
5 21
5 9
5 43
5 49
6 54
7 15
8 53
8 38
8 12
8 32
9 14
9 42
9 22
9 25
9 13
10 34
10 44
10 55
11 53
11 33
12 32
12 50
12 25
13 50
13 55
13 47
13 39
14 28
14 36
15 32
15 39
16 49
16 23
16 51
16 40
17 36
17 20
18 36
18 45
19 48
19 37
20 36
20 49
20 31
21 28
21 49
21 31
22 41
23 35
23 37
24 43
24 34
25 36
26 32
27 52
27 31
27 45
29 52
29 34
30 54
30 38
31 46
31 32
31 55
31 51
31 44
32 47
33 34
33 37
34 39
35 49
36 37
36 39
37 53
37 48
37 43
39 53
40 44
40 49
41 55
41 49
42 44
43 49
43 44
43 53
43 47
47 51
49 55
50 51
32 21 35
1 23
1 31
1 10
1 6
2 15
3 29
3 5
6 27
7 9
8 15
9 17
9 15
10 18
12 21
13 24
14 25
19 31
20 29
20 32
23 25
25 30
1 20
1 9
3 19
4 17
4 28
4 19
5 31
5 20
5 30
5 24
7 32
8 31
9 32
9 26
10 24
10 12
10 23
10 16
11 15
11 29
12 22
13 29
14 25
14 31
14 16
15 32
17 21
18 26
19 21
20 25
20 27
22 29
22 27
24 27
30 32
100 164 163
1 61
1 91
1 15
1 89
1 14
1 46
1 10
1 9
2 48
3 80
3 67
3 82
3 22
3 66
3 65
3 48
3 32
4 87
4 75
4 18
5 75
5 25
6 49
6 39
6 71
7 17
7 26
7 22
7 57
7 44
7 73
8 33
8 75
8 61
8 12
8 97
8 52
8 85
9 40
9 85
9 68
9 99
10 68
10 81
12 81
12 36
12 63
13 59
13 14
13 84
13 50
13 96
13 35
13 86
14 96
14 74
15 56
15 91
15 100
15 54
15 33
16 29
17 53
19 70
19 29
19 100
20 22
20 70
20 99
21 56
21 39
22 64
22 88
22 23
23 57
23 73
23 79
24 83
25 41
25 97
25 37
25 53
25 69
26 64
26 70
27 89
27 57
27 85
28 67
28 51
28 80
28 57
28 36
28 38
28 56
29 87
29 78
29 35
29 67
30 93
30 44
31 40
31 86
31 96
32 34
34 53
34 81
34 79
36 45
37 90
37 99
39 64
40 78
41 67
41 90
41 81
42 87
42 77
42 81
43 65
45 54
45 61
46 89
46 84
47 79
48 55
48 95
48 85
50 86
51 82
51 89
51 88
52 91
52 98
54 78
55 60
56 83
56 92
59 92
60 67
60 76
62 68
63 99
63 96
65 99
65 98
67 99
68 94
68 81
70 75
71 79
73 90
73 98
73 75
74 94
75 99
75 96
76 84
77 86
78 95
79 97
83 92
85 94
86 100
1 17
2 75
2 86
3 49
4 37
4 92
5 13
5 61
5 81
5 15
6 62
6 76
6 75
6 23
8 95
8 71
9 71
9 14
10 32
10 61
11 99
12 32
12 17
12 65
12 66
12 94
12 93
13 73
13 52
13 17
13 61
14 74
15 30
15 82
15 96
15 24
16 70
16 59
16 95
16 73
17 78
17 63
17 92
17 90
17 38
17 80
18 86
19 48
19 54
20 63
20 75
22 24
22 49
22 82
22 85
23 47
23 63
23 34
23 70
23 86
24 49
24 32
25 93
25 36
25 57
25 64
25 70
25 58
26 47
26 40
27 56
28 95
28 80
28 47
28 36
28 34
28 85
29 76
29 79
29 90
30 93
30 62
30 88
31 45
32 67
32 84
32 43
33 58
34 52
34 64
34 80
34 95
35 50
35 68
35 56
36 47
36 62
37 47
37 61
37 69
37 56
38 73
38 97
38 88
40 76
41 77
41 83
41 62
41 56
41 89
42 59
42 50
43 87
43 61
44 76
45 65
45 54
46 96
46 53
46 80
47 87
48 92
48 77
48 71
51 54
52 78
52 98
52 99
54 68
54 76
55 99
55 63
56 88
56 98
57 65
58 65
59 87
59 88
60 67
61 70
61 71
62 80
62 73
64 74
64 80
67 88
67 90
68 95
71 99
73 82
74 92
76 84
77 86
77 89
79 86
83 84
84 90
87 94
89 92
90 92
92 96
95 97
95 100
18 27 33
1 5
1 13
1 2
2 12
2 15
2 10
3 8
3 15
3 17
3 13
4 11
4 9
5 10
5 11
5 7
6 7
6 9
7 16
8 9
8 14
8 18
9 12
9 15
10 15
10 12
11 18
12 18
1 8
2 15
2 16
2 9
2 14
2 8
3 12
3 11
3 13
3 6
4 5
4 17
4 9
4 14
4 16
4 8
5 7
6 11
6 16
6 15
6 9
7 9
7 13
8 15
8 13
8 11
9 12
9 14
10 12
12 13
12 18
15 17
16 17
10 20 14
1 3
1 5
1 8
2 8
2 6
2 9
3 4
3 9
4 9
4 8
5 10
5 8
5 7
6 10
6 8
7 8
7 9
8 9
8 10
9 10
1 9
1 4
1 10
1 6
1 3
2 7
2 8
2 5
3 5
4 9
4 5
5 9
5 7
8 9
81 109 115
1 36
1 24
2 36
2 54
3 72
3 21
4 53
5 64
5 36
5 15
6 58
7 75
7 9
8 30
8 28
8 10
9 43
9 40
9 23
9 19
9 29
10 76
12 45
12 43
12 59
12 71
12 49
13 40
13 23
13 47
14 69
15 57
15 68
17 66
18 62
19 72
19 43
20 42
20 44
22 25
23 56
23 27
23 46
23 77
24 45
24 37
25 67
25 27
26 51
26 48
26 78
26 33
28 74
28 67
28 79
28 31
29 32
30 34
31 79
31 51
31 35
32 55
32 59
33 49
33 76
33 35
34 71
35 60
35 77
36 45
36 78
37 77
37 39
39 71
39 55
40 73
40 69
41 54
41 76
42 47
43 57
44 69
46 51
48 64
48 60
51 67
52 59
53 62
54 69
55 58
55 70
55 66
56 67
56 70
58 66
58 74
58 70
59 68
60 73
60 76
60 68
60 79
61 65
62 81
66 71
66 69
70 77
74 77
80 81
1 38
2 68
2 67
3 52
3 4
4 66
4 80
4 63
5 50
6 81
6 17
6 68
6 64
8 35
9 15
9 23
9 60
10 59
10 35
10 34
11 78
12 31
12 16
12 36
13 40
13 22
14 32
14 74
14 80
14 25
15 23
15 41
15 75
16 43
17 23
17 65
17 69
18 33
19 70
19 68
20 50
21 53
21 47
21 50
22 36
22 78
22 53
23 67
23 33
25 56
25 71
26 36
26 39
27 35
27 52
27 60
27 45
28 46
28 76
28 56
29 75
29 33
30 48
30 80
30 69
31 36
33 71
33 59
34 48
34 76
35 68
35 38
35 54
35 63
36 41
37 62
39 47
39 59
39 43
40 51
41 43
41 78
43 64
44 71
44 46
44 66
45 65
45 77
46 61
47 72
47 64
47 65
49 77
50 71
50 60
51 67
52 68
52 78
52 67
53 72
54 55
56 75
57 73
58 70
58 80
59 62
60 71
61 66
62 75
62 70
63 68
64 79
71 77
75 78
77 79
55 78 103
1 38
1 48
1 12
2 40
2 31
2 41
2 30
2 12
3 12
3 37
3 28
3 9
4 50
4 39
4 41
5 21
6 52
6 38
7 9
8 36
9 37
10 42
10 51
10 26
10 13
10 11
11 37
12 51
12 34
12 43
12 44
13 48
14 27
14 37
15 20
15 51
16 53
16 55
18 55
19 45
19 40
19 55
20 29
20 42
20 45
20 31
21 42
21 33
22 52
23 51
23 50
23 29
24 55
25 46
25 28
25 49
25 54
26 27
26 47
27 52
27 28
28 42
28 49
31 37
31 35
32 48
36 43
36 55
41 53
42 52
43 48
43 49
45 50
45 52
46 49
46 55
46 54
49 54
1 39
1 47
1 54
2 37
2 51
2 8
3 24
3 29
3 33
3 15
3 26
3 54
4 33
4 28
4 20
4 21
4 52
4 15
6 19
6 23
6 9
7 25
7 15
7 43
7 46
8 38
8 25
9 39
9 46
9 43
9 41
9 35
9 37
10 46
10 16
10 29
11 50
11 19
11 37
11 27
11 38
12 41
12 16
13 48
13 46
13 23
14 46
14 23
15 30
15 21
15 53
15 16
15 37
16 19
16 29
16 43
16 50
16 18
17 24
17 55
18 30
18 49
18 27
18 50
18 48
19 27
19 38
19 41
19 23
20 34
20 47
22 31
23 41
23 40
23 51
23 52
24 38
24 47
24 41
25 52
26 53
27 33
27 37
27 47
29 55
29 51
29 35
30 31
30 35
31 42
33 51
34 47
36 48
41 48
41 45
42 55
42 43
43 45
43 44
49 50
50 52
51 54
53 55
42 23 30
1 33
1 14
2 25
2 5
3 21
4 31
5 30
6 29
7 29
8 39
8 40
10 24
13 38
17 41
17 25
18 22
19 36
20 30
21 22
23 34
25 35
27 37
36 37
1 31
3 30
4 8
5 12
6 11
8 27
10 37
11 37
11 33
12 23
12 18
13 26
14 30
14 27
14 21
14 29
15 25
15 39
18 35
19 34
19 38
19 41
19 20
21 34
22 28
26 30
27 40
33 39
33 41
39 42
38 33 31
1 38
1 22
2 35
2 30
2 38
3 17
3 7
3 19
3 22
3 24
5 21
6 31
7 14
9 20
9 15
10 19
11 35
12 30
13 27
14 23
14 17
15 29
17 23
17 31
19 26
20 27
21 35
23 35
25 33
29 34
29 36
34 36
35 38
1 26
1 25
1 28
3 27
3 36
3 11
5 29
6 11
6 20
6 12
6 13
7 16
10 34
10 23
11 34
11 30
12 28
14 15
16 19
16 34
16 17
16 27
16 31
19 36
20 29
22 36
22 30
27 29
28 30
29 31
31 33
68 74 95
1 43
2 40
2 4
2 60
3 15
3 47
4 50
4 51
5 17
5 7
5 12
6 30
7 38
7 41
7 64
8 25
10 57
11 26
11 21
11 35
12 21
12 46
12 28
14 67
14 56
15 16
16 23
16 29
17 36
17 54
17 20
18 45
19 26
20 45
20 41
22 36
22 51
22 35
22 52
23 67
24 48
24 28
25 34
28 56
28 30
29 46
29 56
29 67
30 47
31 52
33 61
34 53
34 40
34 65
37 60
37 55
38 53
39 42
39 45
39 54
40 49
41 43
41 47
41 57
43 47
44 68
46 65
47 58
47 67
47 57
50 61
52 55
60 65
62 65
1 23
1 58
1 54
1 40
2 41
2 57
2 22
2 19
3 66
3 13
3 22
4 63
4 27
4 22
4 16
5 19
5 61
6 39
6 65
6 34
7 28
8 54
10 64
11 33
11 40
12 46
12 52
12 63
12 68
14 68
15 60
15 64
15 25
15 49
16 34
17 55
18 52
18 56
19 41
20 57
20 66
20 61
21 44
21 68
21 49
22 43
22 54
22 34
22 26
22 32
23 65
23 49
24 38
24 45
24 52
25 58
25 67
25 61
25 35
25 55
28 39
28 64
29 62
29 60
32 49
32 42
32 58
34 53
35 53
37 58
38 58
38 48
41 64
42 54
42 43
43 67
43 50
43 44
44 68
45 63
46 62
46 50
46 66
47 65
48 66
49 63
49 66
53 65
53 62
53 55
54 62
56 63
58 65
60 61
62 63
15 25 14
1 14
1 6
1 2
1 9
2 14
2 4
2 10
2 9
2 11
3 14
4 12
5 14
5 7
5 11
6 7
6 9
7 9
7 10
8 9
8 11
9 15
9 12
9 10
9 11
11 15
1 4
1 3
1 14
2 3
2 9
3 6
3 8
4 12
4 11
4 15
4 13
5 6
6 12
10 12
82 55 48
2 69
2 30
2 18
3 33
3 14
3 59
4 72
5 36
5 17
6 82
7 40
7 31
7 37
8 22
14 74
14 35
16 49
17 55
19 42
19 57
20 72
21 49
21 42
23 76
23 78
24 67
25 75
25 56
27 37
28 82
29 44
29 52
30 38
32 36
35 63
35 54
36 53
37 56
38 79
39 71
42 62
42 44
46 52
46 81
48 53
48 56
49 50
50 57
51 54
53 68
59 82
59 62
68 69
75 82
76 82
1 55
1 10
2 56
3 43
5 39
7 67
8 59
9 35
9 52
12 78
12 23
13 57
15 75
15 79
15 66
16 37
16 48
16 17
17 19
17 24
17 30
20 35
21 34
23 42
25 49
26 79
26 53
26 46
29 37
29 65
30 64
30 51
31 43
32 59
33 36
33 42
35 81
36 63
39 79
40 49
44 75
46 76
55 65
55 74
61 78
61 65
73 80
75 79
76 139 45
1 4
1 35
1 69
1 46
1 39
2 60
2 36
2 67
2 11
2 63
3 29
3 63
3 75
3 61
3 70
4 8
4 21
4 38
4 74
5 32
5 20
5 11
6 53
6 24
6 20
6 9
7 13
7 56
7 50
8 30
8 24
8 68
8 58
8 72
9 61
9 45
9 74
10 35
10 41
11 69
11 28
11 41
11 65
11 50
12 23
12 30
12 49
12 62
13 33
13 67
13 30
13 21
14 43
14 61
14 27
15 71
15 67
15 26
15 20
15 36
15 38
16 49
16 53
16 57
17 30
17 44
18 29
19 36
19 69
20 22
20 56
20 33
21 52
22 35
22 64
22 46
22 30
23 29
24 37
25 59
25 60
25 26
25 73
26 75
26 31
26 57
26 40
27 69
27 52
27 56
28 62
28 44
30 75
30 42
31 32
31 54
32 42
32 65
32 36
33 73
37 66
37 72
37 40
38 72
38 56
38 76
38 45
39 74
40 55
40 68
42 60
42 43
42 62
43 64
43 55
44 61
44 56
45 54
45 76
45 73
47 55
48 75
49 60
50 72
51 67
53 57
54 67
54 63
56 67
56 70
56 68
57 73
59 68
61 75
61 76
62 75
63 75
69 70
71 74
2 38
4 42
4 67
6 50
8 62
8 29
10 39
11 37
12 48
12 39
12 43
12 68
13 24
13 38
14 74
14 63
14 55
16 70
17 60
19 67
19 70
19 21
21 28
21 22
22 29
24 62
25 70
26 56
27 52
29 69
29 42
31 58
33 57
38 45
39 58
39 63
39 48
40 42
42 46
44 76
45 66
46 72
60 61
65 70
70 74
17 9 13
2 16
3 10
4 13
6 11
8 15
9 12
10 11
11 14
12 15
1 6
3 8
3 6
3 13
4 17
5 13
6 14
6 7
7 16
10 17
10 12
12 17
13 16
14 19 12
1 2
1 13
1 14
2 10
2 3
2 6
3 9
3 8
3 14
4 14
4 11
4 5
5 10
5 11
5 6
6 11
6 12
9 10
13 14
1 11
1 5
2 5
3 6
3 12
3 14
5 14
5 10
5 11
7 8
9 13
11 13
12 23 14
1 5
1 8
1 3
2 10
2 12
2 8
3 10
3 8
4 9
4 8
4 11
5 7
5 9
5 6
5 11
5 10
6 8
6 10
7 10
8 12
9 10
10 11
11 12
1 4
2 7
3 12
3 10
4 7
4 5
4 9
5 9
6 12
7 9
7 10
8 12
9 12
11 12
13 6 25
1 2
2 11
2 6
2 9
8 11
9 12
1 7
1 13
1 9
2 6
2 11
2 9
2 4
2 8
2 13
3 13
3 9
3 10
4 8
4 5
4 13
5 13
6 11
6 10
6 12
7 13
8 12
8 10
8 11
10 11
12 13
34 48 51
1 29
1 3
2 6
2 28
2 12
3 29
3 8
6 31
6 16
6 27
6 24
7 23
7 10
7 12
7 22
8 16
8 23
8 12
9 24
10 22
10 24
10 14
11 30
11 27
12 23
12 16
12 30
13 24
13 25
14 34
15 34
16 34
16 27
18 31
18 28
19 26
19 20
21 31
22 33
22 26
23 32
23 31
25 33
25 27
25 29
25 34
26 34
28 32
1 34
1 4
1 7
1 10
1 25
2 4
2 20
2 15
3 29
3 7
3 10
4 16
4 22
4 8
5 7
5 32
7 28
7 25
8 11
10 30
10 34
10 20
11 32
11 29
11 15
11 28
11 22
12 32
12 34
14 27
14 33
17 34
17 33
17 31
17 20
17 28
17 21
18 29
18 26
18 23
21 22
22 33
23 33
24 29
24 25
24 30
25 30
26 32
27 34
28 33
30 33
100 187 130
1 94
1 29
1 48
1 58
1 41
1 51
2 9
2 73
3 64
3 47
3 31
4 69
4 11
4 31
5 96
5 87
5 79
5 88
5 15
5 48
6 53
6 97
6 17
6 91
6 29
7 36
8 39
8 80
8 46
8 54
8 81
9 39
9 11
9 87
10 44
10 25
10 62
11 44
11 19
11 79
12 58
12 56
12 85
12 83
13 99
13 20
13 79
14 61
15 28
15 31
16 61
16 73
16 85
16 43
16 75
17 87
17 60
17 53
18 46
18 23
18 94
18 89
18 73
18 55
19 44
19 38
19 25
19 52
19 28
19 58
20 97
20 49
21 60
21 71
21 37
21 87
22 69
22 23
23 100
24 90
24 80
24 58
24 42
25 45
26 71
26 39
26 54
26 82
26 83
26 31
26 33
26 53
27 88
27 73
27 30
27 66
27 62
28 94
28 42
28 32
28 30
28 55
29 37
30 60
30 53
31 79
32 74
32 48
33 57
33 72
33 84
34 55
34 93
34 50
34 39
35 81
36 95
36 39
37 63
37 62
38 73
39 53
40 87
40 81
41 69
41 98
41 47
41 90
42 59
42 73
42 74
42 68
43 80
43 48
44 66
45 70
45 46
46 94
47 89
47 56
47 74
47 92
48 68
49 90
50 91
50 73
50 63
50 96
51 88
51 69
52 56
52 93
52 100
53 56
54 61
54 65
55 95
58 90
58 68
60 92
62 100
63 71
64 100
65 98
66 98
66 94
67 75
67 93
67 90
67 88
68 94
72 97
73 91
76 87
77 98
77 96
78 88
78 92
81 83
83 85
84 87
88 92
89 99
89 96
89 90
91 100
91 92
1 27
1 78
2 92
2 87
3 23
3 89
3 71
3 87
3 76
4 35
4 64
5 9
5 58
5 69
6 81
6 76
6 53
8 21
9 28
9 56
9 64
10 50
11 13
11 53
11 41
11 54
11 30
11 76
12 80
12 30
12 58
13 20
13 22
13 31
13 26
14 16
14 74
14 96
14 86
15 34
15 50
16 57
19 86
19 77
20 55
20 39
20 73
20 65
21 90
22 83
24 62
24 42
25 32
25 35
25 76
26 87
26 59
28 75
28 60
29 35
29 48
29 63
29 69
30 67
31 44
32 80
32 87
32 96
33 51
34 50
34 72
36 87
36 51
37 92
37 85
37 73
38 66
40 62
40 93
40 72
41 63
41 93
41 100
41 60
42 59
43 47
45 90
46 100
46 99
46 55
47 79
47 82
48 61
48 92
48 66
50 94
50 68
51 75
53 56
54 59
54 68
54 95
54 79
55 97
55 94
57 92
58 78
60 70
62 69
63 94
63 97
63 95
63 100
64 75
64 89
64 93
65 76
67 71
70 92
71 81
72 82
75 81
75 78
79 82
83 95
83 90
87 99
89 100
89 95
94 96
24 13 17
4 22
4 9
7 14
7 13
9 11
9 18
10 18
13 18
13 20
14 16
14 15
18 24
18 21
2 17
2 4
3 20
5 17
6 8
6 9
6 7
9 24
9 18
12 21
14 21
15 19
17 18
19 20
19 24
20 22
22 24
19 34 11
1 17
1 19
1 10
2 9
2 8
2 5
2 11
2 17
3 19
3 18
3 15
4 14
4 18
4 10
4 17
5 17
5 15
6 15
6 12
7 18
7 10
7 13
7 16
7 9
8 19
8 14
9 14
11 15
11 12
13 14
14 19
16 19
17 18
18 19
1 16
2 3
4 5
5 7
6 7
6 13
7 13
8 11
10 12
11 17
14 18
73 39 131
2 69
2 45
4 6
6 15
6 11
7 13
7 53
11 48
12 56
15 47
15 65
15 32
16 37
18 57
19 67
19 37
19 51
20 53
21 28
24 58
24 48
26 71
26 33
31 38
33 34
33 45
33 58
35 38
36 52
37 60
37 67
39 42
40 68
41 49
43 61
49 68
55 69
61 69
61 67
1 62
1 72
1 21
2 19
2 56
2 69
2 27
3 6
3 7
3 22
3 19
3 27
4 66
4 14
4 13
5 60
5 42
6 14
6 67
7 72
7 42
7 21
7 53
7 46
8 16
8 63
9 53
9 36
9 45
11 51
11 61
11 41
11 14
12 21
13 51
13 69
13 17
13 19
14 71
14 70
14 46
14 42
14 24
14 22
14 45
14 25
15 40
15 57
15 68
15 53
16 36
16 63
16 42
17 20
18 52
18 58
18 24
18 65
18 57
19 38
19 61
19 63
20 68
20 70
21 33
21 61
21 59
21 43
22 55
22 62
22 47
23 51
23 55
23 26
24 33
24 50
24 65
25 36
25 68
25 27
25 43
25 28
27 58
28 35
28 58
28 56
29 69
29 31
29 71
29 35
30 73
30 33
32 55
32 66
32 72
33 56
35 70
35 66
35 40
36 38
36 52
36 42
37 38
38 52
38 54
39 45
41 62
41 43
41 66
42 54
45 61
45 69
47 60
47 65
47 49
48 70
49 55
49 72
51 73
53 69
55 62
55 68
55 63
56 66
57 65
58 72
59 69
62 65
65 66
66 67
67 71
55 39 105
1 12
1 2
2 6
3 34
4 44
5 52
6 20
6 14
7 11
7 14
7 32
11 42
12 54
14 32
15 30
16 49
17 26
17 46
17 29
17 55
17 18
20 38
23 24
24 38
25 45
25 27
28 47
30 40
30 54
30 45
31 40
34 51
35 46
39 54
39 42
40 47
41 51
49 53
50 55
1 43
1 46
1 20
1 35
1 33
1 12
2 4
2 7
2 22
2 27
2 3
2 14
3 6
3 48
3 34
3 46
3 49
4 12
4 8
4 36
4 52
4 15
4 22
5 54
5 29
6 28
6 34
7 49
7 26
7 40
7 29
7 9
7 33
7 44
8 35
8 43
8 16
9 38
10 35
10 44
11 20
11 41
12 53
12 48
13 22
13 52
13 18
13 36
13 32
14 52
15 55
16 24
16 19
16 51
16 37
16 21
17 30
17 22
17 18
18 32
18 24
18 20
18 45
18 22
19 43
20 54
20 41
20 34
20 26
20 53
21 34
21 37
23 28
24 53
24 46
25 38
25 29
26 32
26 42
26 54
26 29
27 54
28 31
28 29
28 52
29 37
30 35
33 44
33 48
34 49
36 46
36 55
37 43
39 41
40 46
40 45
41 50
41 42
42 47
43 55
44 51
48 50
48 54
50 52
53 54
